"V1" "V2" "V3" "V4"
"1" 0.401035294344883 0 0 0.598964705655117
"2" 0.415237460310444 0 0 0.584762539689555
"3" 0.428255646850701 0 0 0.571744353149299
"4" 0.38402093252988 0 0 0.61597906747012
"5" 0 0 0 1
"6" 0.466256872843278 0.0947863944319333 0.383157465428403 0.0557992672963858
"7" 0.556042474461295 0.123527784906712 0.271846254519198 0.0485834861127946
"8" 0.466661232300279 0.0947545275929569 0.382743568348985 0.0558406717577795
"9" 0.46777253238989 0.0947730876728296 0.381503590063805 0.055950789873475
"10" 0.212922123393462 0 0 0.787077876606538
"11" 0.264005101485906 0.107326117163681 0.547490656384495 0.0811781249659179
"12" 0.263305930812787 0.10715012467703 0.548494090573565 0.0810498539366181
"13" 0.351022614831683 0.0981363451099021 0.480606809563531 0.0702342304948846
"14" 0.354368645548859 0.0981754255516072 0.476763025154348 0.0706929037451849
"15" 0.452709113039049 0.0967553465301469 0.390480488236334 0.0600550521944707
"16" 0.178927058641132 0 0 0.821072941358868
"17" 0.196011784527777 0 0 0.803988215472223
"18" 0.264966457642791 0.107049158889139 0.546713092655243 0.081271290812826
"19" 0.264966457642791 0.107049158889139 0.546713092655243 0.081271290812826
"20" 0.266626159100797 0.10694801631833 0.544932046181738 0.0814937783991356
"21" 0.353288988240668 0.0982394212928575 0.47791401049594 0.0705575799705337
"22" 0.356757611063474 0.0982154765031663 0.474002114826044 0.0710247976073157
"23" 0.357753601759103 0.0981452337864249 0.472952241854356 0.0711489226001153
"24" 0.357753601759103 0.0981452337864249 0.472952241854356 0.0711489226001153
"25" 0.135918317131798 0 0 0.864081682868202
"26" 0.156880349226048 0 0 0.843119650773952
"27" 0.166698965755035 0 0 0.833301034244965
"28" 0.17611931996822 0 0 0.82388068003178
"29" 0.304539352464751 0 0 0.695460647535249
"30" 0.370234769207952 0 0 0.629765230792048
"31" 0.0850737044593193 0.125382693735351 0.694241322718064 0.0953022790872655
"32" 0.0859649038565167 0.125254530015145 0.693355581214198 0.0954249849141405
"33" 0.0862648122820487 0.125212015604254 0.693056796435019 0.0954663756786776
"34" 0.158424301285268 0.117846118167196 0.633163474746535 0.0905661058010011
"35" 0.159814602201057 0.117731247315454 0.631699354816074 0.090754795667416
"36" 0.1632521910448 0.117652032629624 0.627845343339407 0.0912504329861693
"37" 0 0 0 1
"38" 0.265004071160087 0.109279016710999 0.541610505885539 0.0841064062433757
"39" 0.0197444377219267 0 0 0.980255562278073
"40" 0.0229131688695862 0 0 0.977086831130414
"41" 0.0632386822807001 0 0 0.9367613177193
"42" 0.0956359284378267 0 0 0.904364071562173
"43" 0.100734638972076 0 0 0.899265361027924
"44" 0.100734638972076 0 0 0.899265361027924
"45" 0.190775645031019 0 0 0.809224354968981
"46" 0.135315474556127 0 0 0.864684525443873
"47" 0.141932764950111 0 0 0.858067235049889
"48" 0.205755920005792 0 0 0.794244079994208
"49" 0.331928087713687 0 0 0.668071912286313
"50" 0.342318076792901 0 0 0.657681923207099
"51" 0.403606403623042 0 0 0.596393596376958
"52" 0.0868688749962649 0.125127292068433 0.692453942095587 0.0955498908397143
"53" 0.0874785769579874 0.125042969878917 0.691844068968993 0.0956343841941029
"54" 0.16121390856466 0.117616761833361 0.630223780278429 0.0909455493235501
"55" 0.163722512645054 0.117614008337346 0.627348272505178 0.091315206512423
"56" 0.164665611343957 0.117538050112129 0.62635096356203 0.0914453749818839
"57" 0.165611872935485 0.11746220379377 0.625349564020466 0.0915763592502791
"58" 0.264903794270874 0.109066350500666 0.541973910227338 0.0840559450011225
"59" 0.26599005275507 0.108996681064301 0.540805849501516 0.0842074166791128
"60" 0.267075347469031 0.108926885343665 0.539638504714137 0.0843592624731665
"61" 0.37547175762512 0.103598335711234 0.44662881795685 0.0743010887067959
"62" 0.376488564840067 0.103532408055668 0.445536918771354 0.074442108332911
"63" 0.00342657279180939 0 0 0.996573427208191
"64" 0.0535835222947152 0 0 0.946416477705285
"65" 0.154623910928499 0 0 0.845376089071501
"66" 0.160713502776212 0 0 0.839286497223788
"67" 0.172416505978 0 0 0.827583494022
"68" 0 0 0 1
"69" 0.56268696464658 0.129431535590611 0.256595880547161 0.0512856192156475
"70" 0.302512840930071 0 0 0.697487159069929
"71" 0.365820959180614 0 0 0.634179040819386
"72" 0.448956101469577 0 0 0.551043898530423
"73" 0.460672627212165 0 0 0.539327372787835
"74" 0.504722830754728 1.1244313936426e-66 1.22365089622522e-67 0.495277169245272
"75" 0.507315899236848 3.06746790415794e-68 3.37236710668468e-69 0.492684100763152
"76" 0.087713618379006 0.119577255430239 0.702105790946726 0.0906033352440283
"77" 0.0883438810731973 0.11949964343119 0.701470737156667 0.0906857383389463
"78" 0.0889801539285532 0.119422401324271 0.700828320973091 0.0907691237740843
"79" 0.1499620961904 0.115600106505614 0.645355486395502 0.0890823109084831
"80" 0.150884421719594 0.115526599480242 0.644384460141356 0.0892045186588081
"81" 0.151811128271852 0.115453261048018 0.643407947764342 0.0893276629157878
"82" 0.151811128271852 0.115453261048018 0.643407947764342 0.0893276629157878
"83" 0.253607072132052 0.105936980249085 0.559093751928755 0.0813621956901082
"84" 0.254726317954342 0.105870105097532 0.55789342664891 0.0815101502992159
"85" 0.255845369126918 0.105803146913448 0.556692891235414 0.08165859272422
"86" 0.386643628740326 0.0998859986912536 0.442972971401077 0.0704974011673442
"87" 0.38925453432318 0.0999839721378318 0.439872852063101 0.0708886414758873
"88" 0.0694761822588702 0 0 0.93052381774113
"89" 0.114715731721426 0 0 0.885284268278574
"90" 0.259558727427029 0 0 0.740441272572971
"91" 0.301449464359323 0 0 0.698550535640677
"92" 0.308090383718742 0 0 0.691909616281258
"93" 0.441338643019814 0 0 0.558661356980186
"94" 0.444415344166474 0 0 0.555584655833526
"95" 0.450363413808181 0 0 0.549636586191819
"96" 0.50228352616848 0 0 0.49771647383152
"97" 0.505647849792488 0 0 0.494352150207512
"98" 0.54183599224656 1.0257520122225e-70 1.33122914999385e-71 0.45816400775344
"99" 0.544227623429413 7.23184781758243e-72 9.47477406710896e-73 0.455772376570587
"100" 0.597109500738895 2.4370774075743e-76 2.97176714718512e-77 0.402890499261105
"101" 0.0881393528818913 0.119340014043368 0.701878157765224 0.0906424753095171
"102" 0.0884568668135767 0.119301427904968 0.701557705333569 0.0906839999478862
"103" 0.15023443334419 0.115387028281144 0.645283207111856 0.0890953312628103
"104" 0.151811128271852 0.115453261048018 0.643407947764342 0.0893276629157878
"105" 0.151626488243492 0.115277139421408 0.643816479838573 0.0892798924965276
"106" 0.152092735593755 0.115240594099757 0.64332478131426 0.0893418889922269
"107" 0.253471431848781 0.105740013107887 0.559477228839678 0.0813113262036536
"108" 0.255158484005327 0.105639732529065 0.557667594953659 0.0815341885119493
"109" 0.255720896507887 0.105606274038881 0.557064082426349 0.0816087470268837
"110" 0.389225923998047 0.0997260730847406 0.440210516464818 0.0708374864523937
"111" 0.39174943403999 0.0998164755572224 0.437215763143414 0.0712183272593742
"112" 0.0870860593349011 0 0 0.912913940665099
"113" 0.396156206549875 0.0996799103348774 0.432329163851565 0.0718347192636825
"114" 0.263798025899568 0 0 0.736201974100432
"115" 0.275987637335797 0 0 0.724012362664203
"116" 0.279884718102984 0 0 0.720115281897016
"117" 0.354322622266531 0 0 0.645677377733469
"118" 0.36504454575616 0 0 0.63495545424384
"119" 0.421630594532388 0 0 0.578369405467612
"120" 0.428599519761459 0 0 0.571400480238541
"121" 0.515179548798675 0 0 0.484820451201325
"122" 0.553245996993287 4.82262833613499e-76 6.54800564736906e-77 0.446754003006713
"123" 0.599009772084255 2.70150090672293e-77 3.3194951496637e-78 0.400990227915745
"124" 0.573229798508566 0 0 0.426770201491434
"125" 0.570749565401648 0 0 0.429250434598352
"126" 0.575640646925886 0 0 0.424359353074114
"127" 0.605721499410006 0 0 0.394278500589994
"128" 0.632205006165759 1.45928718900443e-82 1.72613128546031e-83 0.367794993834241
"129" 0.63511996006618 4.63263852873519e-84 5.54589781799093e-85 0.36488003993382
"130" 0.63511996006618 4.63263852873519e-84 5.54589781799093e-85 0.36488003993382
"131" 0.15074807497656 0.104052470523609 0.666809393046063 0.0783900614537676
"132" 0.153013682123222 0.104077595274648 0.664238896491814 0.0786698261103163
"133" 0.153517483744209 0.104047030636273 0.663707412706903 0.0787280729126149
"134" 0.153262676512886 0.103899625211554 0.664158249378022 0.0786794488975376
"135" 0.232107325054112 0.100968871505936 0.589912321131989 0.0770114823079625
"136" 0.233278050979389 0.100906586197447 0.588662545752394 0.0771528170707708
"137" 0.236374852614028 0.10092253142366 0.585145626377943 0.0775569895843689
"138" 0.353787084496347 0.0929103116861039 0.485610408363923 0.0676921954536258
"139" 0.35665481034046 0.0929629018854714 0.482312237152352 0.0680700506217161
"140" 0.357214817351589 0.0929313275535163 0.481716945493469 0.0681369096014248
"141" 0.358884476040072 0.0928359117796918 0.479942862084427 0.0683367500958097
"142" 0.167068489011632 0 0 0.832931510988368
"143" 0.259405703191246 0 0 0.740594296808754
"144" 0.268722405544473 0 0 0.731277594455527
"145" 0.452069685204329 0 0 0.547930314795671
"146" 0.431957495916543 0 0 0.568042504083457
"147" 0.469270722092871 1.3442162948256e-73 1.83850702900153e-74 0.530729277907129
"148" 0.441563386586735 0 0 0.558436613413265
"149" 0.526719538791989 0 0 0.473280461208011
"150" 0.532047605272688 0 0 0.467952394727312
"151" 0.534611157578347 0 0 0.465388842421653
"152" 0.58248444895554 0 0 0.41751555104446
"153" 0.584644602329087 0 0 0.415355397670913
"154" 0.58248444895554 0 0 0.41751555104446
"155" 0.551017005049717 0 0 0.448982994950283
"156" 0.57716720024791 0 0 0.42283279975209
"157" 0.579822080462544 0 0 0.420177919537456
"158" 0.613493465425229 0 0 0.386506534574771
"159" 0.613493465425229 0 0 0.386506534574771
"160" 0.616194042509331 2.48818620355262e-62 2.40359968947809e-63 0.383805957490669
"161" 0.63996216764822 1.72771805346772e-87 1.84420032846482e-88 0.36003783235178
"162" 0.641164484348489 4.34324886878359e-88 4.65907004616218e-89 0.358835515651511
"163" 0.61096016997617 2.38214744964655e-65 2.07885959221649e-66 0.38903983002383
"164" 0.612465051132058 3.43254196322453e-66 3.0137299767454e-67 0.387534948867942
"165" 0.150983604128838 0.103874951606997 0.666743269233889 0.0783981750302755
"166" 0.153262676512886 0.103899625211554 0.664158249378022 0.0786794488975376
"167" 0.153769340597617 0.103869141109898 0.663623497668764 0.078738020623721
"168" 0.154277216335817 0.10383868317714 0.663087279406675 0.0787968210803678
"169" 0.233863890218716 0.100875428717411 0.588036948875269 0.0772237321886038
"170" 0.235036427403261 0.100813079252496 0.586784445416146 0.0773660479280973
"171" 0.236209982394062 0.100750677165141 0.585530343225851 0.0775089972149459
"172" 0.353713165652018 0.0927007139498739 0.485940129057638 0.0676459913404704
"173" 0.356084543747713 0.0927867033672802 0.483163346324827 0.0679654065601799
"174" 0.35779288160862 0.0926930031624812 0.48134449753011 0.068169617698789
"175" 0.360537832966087 0.0927394098664103 0.47818741108432 0.0685353460831828
"176" 0 0 0 1
"177" 0.219319518473123 0 0 0.780680481526877
"178" 0.281962444895351 0 0 0.718037555104649
"179" 0.431994250829714 0 0 0.568005749170286
"180" 0.436176940337659 0 0 0.563823059662341
"181" 0.448046789561922 0 0 0.551953210438078
"182" 0.451792827983828 0 0 0.548207172016172
"183" 0.536123151471494 0 0 0.463876848528506
"184" 0.539404298698138 0 0 0.460595701301862
"185" 0.575662214095774 0 0 0.424337785904226
"186" 0.626525557163558 0 0 0.373474442836442
"187" 0.624639271271893 0 0 0.375360728728107
"188" 0.626525557163558 0 0 0.373474442836442
"189" 0.604458094202947 0 0 0.395541905797053
"190" 0.618236801465514 0 0 0.381763198534486
"191" 0.622608697328937 0 0 0.377391302671063
"192" 0.652511615495197 2.74790512659822e-65 3.31782380076645e-66 0.347488384504803
"193" 0.629190259915816 3.19199042874486e-66 2.78138275621901e-67 0.370809740084184
"194" 0.630581799694859 5.1130884068914e-67 4.48080023313896e-68 0.369418200305141
"195" 0.631936262541344 8.90661478790308e-68 7.84862113143684e-69 0.368063737458656
"196" 0.633254922364458 1.67348881806132e-68 1.48268650281702e-69 0.366745077635542
"197" 0.654831988568383 2.49331065561222e-91 2.33617148960572e-92 0.345168011431617
"198" 0.655906330760574 1.47688936495514e-89 1.39004798335267e-90 0.344093669239426
"199" 0.657698660414808 2.30110233591137e-90 2.18198238576961e-91 0.342301339585192
"200" 0.649417513167605 2.21726421431702e-90 2.00223510305465e-91 0.350582486832395
"201" 0.650297262109678 9.26497009195439e-91 8.39678651892569e-92 0.349702737890322
"202" 0.575342670279111 1.53240566307889e-73 8.25398318377607e-75 0.424657329720889
"203" 0.577574819624145 1.59059341810506e-74 8.64221166313441e-76 0.422425180375855
"204" 0.579634686587322 5.63415204364318e-75 3.09664493437506e-76 0.420365313412678
"205" 0.601416301475759 1.17009872587792e-92 7.02758564572829e-94 0.398583698524241
"206" 0.137696068143457 0.0944514698164956 0.699539203568379 0.068313258471668
"207" 0.13908105025169 0.0945155189397118 0.697941016190953 0.0684624146176445
"208" 0.140642406907176 0.0944389100879175 0.696303027057404 0.0686156559475022
"209" 0.141690910915882 0.0943879497875127 0.695202194472948 0.0687189448236573
"210" 0.199004831140661 0.0926045356057253 0.639819248946099 0.068571384307515
"211" 0.23738440041465 0.100688214349057 0.584274822319824 0.0776525629164692
"212" 0.238559524297042 0.100625682511193 0.58301806595149 0.0777967272402749
"213" 0.353042135450615 0.0925224208016252 0.486906285438531 0.0675291583092288
"214" 0.355456337526681 0.0926084671412244 0.484082174929285 0.0678530204028097
"215" 0.357188330946312 0.0925154680948393 0.482236495864627 0.0680597050942223
"216" 0.359479130550729 0.092390227916126 0.479796095923258 0.0683345456098869
"217" 0.503701194519459 0.0998064286706541 0.339909572483864 0.0565828043260225
"218" 0.504693711145217 0.0997181401480853 0.33890116777222 0.0566869809344771
"219" 0.505701121350042 0.0999003878844546 0.337582722647089 0.0568157681184144
"220" 0.38027846974783 0 0 0.61972153025217
"221" 0.567204141522726 0.124641811226587 0.262617461314753 0.0455365859359342
"222" 0.566958306208747 0.124804742480315 0.262761169935123 0.0454757813758145
"223" 0.462457658145899 0 0 0.537542341854101
"224" 0.545679056242003 0 0 0.454320943757997
"225" 0.548680910442348 0 0 0.451319089557652
"226" 0.55987066612621 0 0 0.44012933387379
"227" 0.633595772918205 2.8115852799655e-63 3.86959933429491e-64 0.366404227081795
"228" 0.636869756758139 3.86033479513001e-65 5.38549790860471e-66 0.363130243241861
"229" 0.638446849649455 5.5446472098603e-66 7.78600109580495e-67 0.361553150350545
"230" 0.636869756758139 3.86033479513001e-65 5.38549790860471e-66 0.363130243241861
"231" 0.653953351746544 3.96047793037746e-66 4.81094035537008e-67 0.346046648253456
"232" 0.656726650266729 1.10086785438024e-67 1.35295975344755e-68 0.343273349733271
"233" 0.658060756184462 2.0643458528222e-68 2.55136649502167e-69 0.341939243815538
"234" 0.633254922364458 1.67348881806132e-68 1.48268650281702e-69 0.366745077635542
"235" 0.634538993644943 3.36911130152945e-69 3.0007313050815e-70 0.365461006355057
"236" 0.61173641739939 0 0 0.38826358260061
"237" 0.610084681870464 0 0 0.389915318129536
"238" 0.613362597218417 0 0 0.386637402781583
"239" 0.61490937834916 0 0 0.38509062165084
"240" 0.639510005149924 1.00395229896925e-71 8.80132622589102e-73 0.360489994850076
"241" 0.608400306738486 0 0 0.391599693261514
"242" 0.635018353534454 7.52219047406807e-74 6.3820191919348e-75 0.364981646465546
"243" 0.653619374130538 4.18427812370986e-92 3.84431346467435e-93 0.346380625869462
"244" 0.635018353534454 7.52219047406807e-74 6.3820191919348e-75 0.364981646465546
"245" 0.595497649020827 0 0 0.404502350979173
"246" 0.594113314438038 0 0 0.405886685561962
"247" 0.594113314438038 0 0 0.405886685561962
"248" 0.596844160075063 0 0 0.403155839924937
"249" 0.572898000869947 0 0 0.427101999130053
"250" 0.603632573509215 3.88643921368874e-76 2.35489822241742e-77 0.396367426490785
"251" 0.624746242758893 8.65408317084125e-94 5.72357570326479e-95 0.375253757241107
"252" 0.619120616751692 4.95340766667903e-94 3.07216194221012e-95 0.380879383248308
"253" 0.597638334398937 1.53248335062446e-76 8.69823090751287e-78 0.402361665601063
"254" 0.572968325757405 0 0 0.427031674242595
"255" 0.60026362336312 1.46168235580019e-77 8.38232451294303e-79 0.39973637663688
"256" 0.596689915854391 1.4081371030536e-77 7.72331008604127e-79 0.403310084145609
"257" 0.598328990813738 3.62805813401573e-78 2.00270479274131e-79 0.401671009186262
"258" 0.138731959910497 0.0944003521134388 0.698453312408154 0.0684143755679103
"259" 0.139252335621579 0.094374832795952 0.697907546927971 0.068465284654498
"260" 0.140297858044034 0.0943238686384761 0.696810474648213 0.0685677986692775
"261" 0.198092467022619 0.0924988310925175 0.6409496274519 0.0684590744329638
"262" 0.199324115911579 0.0924456535697896 0.63964546084378 0.0685847696748508
"263" 0.200558687623357 0.0923924367106663 0.638337666727143 0.0687112089388338
"264" 0.203312350431462 0.0924179400968445 0.635255247708581 0.069014461763113
"265" 0.320238738796203 0.0858110285474976 0.531509316262257 0.0624409163940426
"266" 0.321534980911677 0.0857539114481378 0.530136656231611 0.0625744514085734
"267" 0.322826459683286 0.0856965094069041 0.528769067045175 0.0627079638646346
"268" 0.326096016504042 0.0857135855432073 0.52511438874167 0.0630760092110814
"269" 0.478933758550756 0.0880828778784867 0.37989143127082 0.0530919322999366
"270" 0.48057138238657 0.0882193938724443 0.377930894060735 0.0532783296802505
"271" 0.481711880721536 0.0881292739374528 0.376773661783452 0.0533851835575592
"272" 0.564233703712506 0.112546314149196 0.280894975379838 0.04232500675846
"273" 0.560556929213763 0.11364400479087 0.283880633041439 0.0419184329539271
"274" 0.475223066501121 0 0 0.524776933498879
"275" 0.483533004496932 0 0 0.516466995503068
"276" 0.573886600201787 0 0 0.426113399798213
"277" 0.577339287425245 0 0 0.422660712574755
"278" 0.61555730469426 0 0 0.38444269530574
"279" 0.660762828645677 0 0 0.339237171354323
"280" 0.664448099380203 0 0 0.335551900619797
"281" 0.66621305846991 0 0 0.33378694153009
"282" 0.639581453394661 0 0 0.360418546605339
"283" 0.662491059626574 0 0 0.337508940373426
"284" 0.665686974305917 0 0 0.334313025694083
"285" 0.668701460791634 0 0 0.331298539208366
"286" 0.636732606742526 0 0 0.363267393257474
"287" 0.63962769476801 0 0 0.36037230523199
"288" 0.63962769476801 0 0 0.36037230523199
"289" 0.613108927280251 0 0 0.386891072719749
"290" 0.677575703454042 0 0 0.322424296545958
"291" 0.679230275837114 0 0 0.320769724162886
"292" 0.679230275837114 0 0 0.320769724162886
"293" 0.639354731869251 0 0 0.360645268130749
"294" 0.639354731869251 0 0 0.360645268130749
"295" 0.637639877526262 0 0 0.362360122473738
"296" 0.544028233404709 0 0 0.455971766595291
"297" 0.526362303313091 0 0 0.473637696686909
"298" 0.528833342111809 0 0 0.471166657888191
"299" 0.568806579803952 0 0 0.431193420196048
"300" 0.579354919200539 0 0 0.420645080799461
"301" 0.547463274776163 0 0 0.452536725223837
"302" 0.547463274776163 0 0 0.452536725223837
"303" 0.583915853044532 0 0 0.416084146955468
"304" 0.577430432689455 0 0 0.422569567310545
"305" 0.622902654144354 5.56815560209889e-95 3.50506243778357e-96 0.377097345855646
"306" 0.601904288023616 3.76500264413456e-78 2.17304494166242e-79 0.398095711976384
"307" 0.603462584735521 1.13541875252178e-78 6.59335515943744e-80 0.396537415264479
"308" 0.600633489378613 6.06149092394648e-79 3.37619440783907e-80 0.399366510621387
"309" 0.602765150043424 1.58591347369943e-79 8.90692856224543e-81 0.397234849956576
"310" 0.621886256663599 2.24020916647498e-95 1.3619885941792e-96 0.378113743336401
"311" 0.619173537801649 1.46585263262067e-95 8.47020879971364e-97 0.380826462198351
"312" 0.138898808557553 0.0942602171853328 0.698424160597516 0.0684168136595978
"313" 0.139947191386394 0.0942093283768737 0.697324052042551 0.0685194281941809
"314" 0.197787651309016 0.0923672266060244 0.641436189330364 0.0684089327545965
"315" 0.198405732504358 0.0923406626354806 0.640781761859452 0.0684718430007093
"316" 0.199644243603121 0.0922875090256423 0.639470008143843 0.0685982392273937
"317" 0.200885733899656 0.0922343150872983 0.638154560097023 0.0687253909160226
"318" 0.317294939759503 0.0856016675439664 0.535019437381054 0.0620839553154763
"319" 0.319940158086198 0.0854881039738826 0.532217460844774 0.0623542770951456
"320" 0.322704080759724 0.08553462023302 0.529094174562414 0.0626671244448422
"321" 0.325295406227286 0.0854190028036742 0.526349421756368 0.0629361692126713
"322" 0.479128379854086 0.0877897280741276 0.380008033464612 0.0530738586071748
"323" 0.481787120273346 0.0878762991062727 0.376971731484276 0.0533648491361053
"324" 0.483186819465489 0.0880087603393607 0.375282127167489 0.053522293027661
"325" 0.408741086052997 0 0 0.591258913947003
"326" 0.421160320928554 0 0 0.578839679071446
"327" 0.432679803503222 0 0 0.567320196496778
"328" 0.448523441900515 0 0 0.551476558099485
"329" 0.538892412225668 0 0 0.461107587774332
"330" 0.547642303708056 0 0 0.452357696291944
"331" 0.551777778288747 0 0 0.448222221711253
"332" 0.634710651433966 0 0 0.365289348566034
"333" 0.644148465320705 0 0 0.355851534679295
"334" 0.646326214750856 0 0 0.353673785249144
"335" 0.648437442595244 0 0 0.351562557404756
"336" 0.642645855711815 0 0 0.357354144288185
"337" 0.644606888664939 0 0 0.355393111335061
"338" 0.650131940263371 0 0 0.349868059736629
"339" 0.616704083444314 0 0 0.383295916555686
"340" 0.616704083444314 0 0 0.383295916555686
"341" 0.620081856311484 0 0 0.379918143688516
"342" 0.618419114624876 0 0 0.381580885375124
"343" 0.653242647037442 0 0 0.346757352962558
"344" 0.653242647037442 0 0 0.346757352962558
"345" 0.685350068667064 0 0 0.314649931332936
"346" 0.563068644530063 0.241573176098534 0.169831927180933 0.0255262521904701
"347" 0.562851037151816 0.241845254202193 0.169791536869334 0.0255121717766574
"348" 0.563068644530063 0.241573176098534 0.169831927180933 0.0255262521904701
"349" 0.569219738250978 0.236260090174907 0.168629386833774 0.0258907847403408
"350" 0.567225539514249 0.269485330334659 0.136317085528192 0.0269720446228995
"351" 0.56090881297348 0.275511849323107 0.13701821478913 0.0265611229142827
"352" 0.603547990853053 0 0 0.396452009146947
"353" 0.600006367525825 0 0 0.399993632474175
"354" 0.568875502133237 0 0 0.431124497866763
"355" 0.558760410096832 0.298785327654848 0.1151102504477 0.0273440118006197
"356" 0.558760410096832 0.298785327654848 0.1151102504477 0.0273440118006197
"357" 0.5584298326836 0.298741825334906 0.115527976330191 0.0273003656513031
"358" 0.572215046806987 0 0 0.427784953193013
"359" 0.60504695073929 1.50707661643099e-54 8.65907473424931e-56 0.39495304926071
"360" 0.622789837649927 6.05760528087353e-78 3.6680204065342e-79 0.377210162350073
"361" 0.640908734947725 1.73367152831826e-95 1.13313471258446e-96 0.359091265052275
"362" 0.640908734947725 1.73367152831826e-95 1.13313471258446e-96 0.359091265052275
"363" 0.64132664585944 1.74830379703731e-95 1.14454880120836e-96 0.35867335414056
"364" 0.639317634114393 1.71042140431941e-95 1.0994410047373e-96 0.360682365885607
"365" 0.639735163211334 1.72497226119448e-95 1.11058558306048e-96 0.360264836788666
"366" 0.623241381577926 2.84088479559588e-78 1.7053943607062e-79 0.376758618422074
"367" 0.617911270819756 3.1931459692846e-78 1.80812817461149e-79 0.382088729180244
"368" 0.636856984255513 2.18885623962085e-95 1.34170642086681e-96 0.363143015744487
"369" 0.637569786981326 2.8772576950651e-95 1.76844419699815e-96 0.362430213018674
"370" 0.168868348506482 0.0858836457585807 0.685348366020885 0.0598996397140521
"371" 0.169496682016626 0.0858608390584414 0.684689058392388 0.0599534205325442
"372" 0.170757207971601 0.0858152079600867 0.683365993571391 0.0600615904969212
"373" 0.17306173477679 0.0858439855673389 0.680820899352979 0.0602733803028928
"374" 0.279960225582524 0.0806072724831147 0.582658195259958 0.0567743066744034
"375" 0.282124486918794 0.080529487426753 0.580381025814692 0.0569649998397609
"376" 0.285961232461491 0.0805208831192276 0.576191637285585 0.0573262471336969
"377" 0.451346985474832 0.078698439327093 0.421282428721286 0.0486721464767887
"378" 0.452877636480698 0.0788318474100341 0.419458762281484 0.0488317538277835
"379" 0.4557388117264 0.0788762906522723 0.416283289665619 0.0491016079557092
"380" 0.457195970159614 0.0787870488383123 0.414792575010289 0.049224405991785
"381" 0.556610913495451 0.0964691509683975 0.30797991628065 0.0389400192555014
"382" 0.557053263509089 0.0965416943694781 0.307454309039245 0.038950733082187
"383" 0.555559152696692 0.0971996598180534 0.308415948390693 0.0388252390945615
"384" 0.555746571424152 0.0972779627039601 0.308155393792315 0.0388200720795731
"385" 0 0 0 1
"386" 0.625597113150539 0 0 0.374402886849461
"387" 0.635516199031741 0 0 0.364483800968259
"388" 0.672321114203073 0 0 0.327678885796927
"389" 0.674877639088912 0 0 0.325122360911088
"390" 0.705264324075825 0 0 0.294735675924175
"391" 0.679716408212445 0 0 0.320283591787555
"392" 0.700425375655417 0 0 0.299574624344583
"393" 0.727547302508136 0 0 0.272452697491864
"394" 0.728943846547384 0 0 0.271056153452616
"395" 0.708914649884759 0 0 0.291085350115241
"396" 0.559278784178008 0.216311725089801 0.201165703929373 0.0232437868028185
"397" 0.71524225297345 0 0 0.28475774702655
"398" 0.629061617341399 0 0 0.370938382658601
"399" 0.69076006570574 0 0 0.30923993429426
"400" 0.563429205853076 0.21700377114458 0.194850609690861 0.0247164133114821
"401" 0.569594804026935 0.212164375534202 0.193186273363869 0.0250545470749948
"402" 0.568845919858995 0.236748249139335 0.16854024618384 0.0258655848178307
"403" 0.572986158685865 0.232957759057521 0.167947037202488 0.0261090450541262
"404" 0.572986158685865 0.232957759057521 0.167947037202488 0.0261090450541262
"405" 0.572820470866878 0.233184417605991 0.167897541813702 0.0260975697134281
"406" 0.566300136069091 0.270660141818548 0.136133780898302 0.0269059412140589
"407" 0.573076200530102 0 0 0.426923799469898
"408" 0.608391537759236 0 0 0.391608462240764
"409" 0.605995603310879 2.26831356410333e-55 1.30317646414225e-56 0.394004396689121
"410" 0.578541958794111 0 0 0.421458041205889
"411" 0.577456156277675 0 0 0.422543843722325
"412" 0.544937473132742 0 0 0.455062526867258
"413" 0.563621357941935 0.293897042663509 0.114830170801369 0.0276514285931867
"414" 0.56377580691084 0.293692649179609 0.114868760153268 0.0276627837562829
"415" 0.563621357941935 0.293897042663509 0.114830170801369 0.0276514285931867
"416" 0.539948059599982 0 0 0.460051940400018
"417" 0.541356792100603 0 0 0.458643207899397
"418" 0.539948059599982 0 0 0.460051940400018
"419" 0.502864960656908 0 0 0.497135039343092
"420" 0.544366927960056 0 0 0.455633072039944
"421" 0.544366927960056 0 0 0.455633072039944
"422" 0.544366927960056 0 0 0.455633072039944
"423" 0.540512120217773 0 0 0.459487879782227
"424" 0.574118786739672 0 0 0.425881213260328
"425" 0.621672793284824 2.25762275000751e-78 1.29698711944691e-79 0.378327206715176
"426" 0.62553295027543 4.58824116831609e-78 2.67289479535786e-79 0.37446704972457
"427" 0.625172930025115 3.64392065254908e-78 2.11991976012285e-79 0.374827069974885
"428" 0.627356815504725 5.09735032336084e-94 2.68734302896222e-95 0.372643184495275
"429" 0.626866671208366 2.46307557329968e-94 1.29628956632926e-95 0.373133328791634
"430" 0.627356815504725 5.09735032336084e-94 2.68734302896222e-95 0.372643184495275
"431" 0.608482132944361 5.49504392379176e-94 2.24807916560278e-95 0.391517867055639
"432" 0.608691381530446 8.23725077434737e-94 3.37235545237393e-95 0.391308618469554
"433" 0.170757207971601 0.0858152079600867 0.683365993571391 0.0600615904969212
"434" 0.170336503551456 0.0857183311844531 0.683932621027593 0.060012544236498
"435" 0.172657255752714 0.0857467031387182 0.681370698870484 0.0602253422380832
"436" 0.280388664756938 0.080459949491046 0.582359485717697 0.0567919000343192
"437" 0.284282091552532 0.0804511651808981 0.578110516858797 0.0571562264077734
"438" 0.286432324036331 0.0803722858319375 0.575847478471432 0.0573479116602993
"439" 0.45241897075762 0.0786395666353168 0.420178506222704 0.0487629563843596
"440" 0.454005356703293 0.0785508865716487 0.418546263205049 0.0488974935200097
"441" 0.456449285373449 0.0786245352798173 0.415792004945733 0.0491341744010008
"442" 0.459563071304441 0.078637681568641 0.412375581559891 0.0494236655670268
"443" 0.558114753638701 0.095969127510305 0.306895665191774 0.0390204536592202
"444" 0.557455835053935 0.0966234047828262 0.306962917064972 0.0389578430982663
"445" 0.557734591144284 0.0966906907331355 0.306613626145287 0.0389610919772933
"446" 0.579861282003232 0.133697281132394 0.255454637422385 0.0309867994419887
"447" 0.579442730764029 0.134139123457718 0.255472490155385 0.0309456556228676
"448" 0.638589760600505 0 0 0.361410239399495
"449" 0.578758688353696 0.134885568955449 0.255477169751945 0.0308785729389102
"450" 0.67734136669304 0 0 0.32265863330696
"451" 0.679716408212445 0 0 0.320283591787555
"452" 0.684213972665362 0 0 0.315786027334638
"453" 0.563470284026695 0.190064257979557 0.222643145124508 0.0238223128692402
"454" 0.563470284026695 0.190064257979557 0.222643145124508 0.0238223128692402
"455" 0.563269032015571 0.190327637749617 0.222592626486963 0.0238107037478493
"456" 0.736469910591165 0 0 0.263530089408835
"457" 0.716394073275176 0 0 0.283605926724824
"458" 0.717511182958375 0 0 0.282488817041625
"459" 0 0 0 1
"460" 0.558335282568744 0.217648822197938 0.20082469370601 0.0231912015273077
"461" 0.736819665963966 0 0 0.263180334036034
"462" 0.557086116036587 0.211934125856516 0.208340321840979 0.0226394362659186
"463" 0.568602977243467 0.202327468639858 0.205875348473099 0.0231942056435759
"464" 0.564915213376233 0.246729574857376 0.163980407072985 0.0243748046934067
"465" 0.564915213376233 0.246729574857376 0.163980407072985 0.0243748046934067
"466" 0.564915213376233 0.246729574857376 0.163980407072985 0.0243748046934067
"467" 0.564631661448241 0.247167747502342 0.163843264118129 0.0243573269312881
"468" 0.562487635175361 0.266474689729054 0.146052240740631 0.0249854343549538
"469" 0.558196697937544 0.270811561330591 0.146248928371733 0.0247428123601325
"470" 0.641688512745678 0 0 0.358311487254322
"471" 0.611998500688344 0 0 0.388001499311656
"472" 0.580378759429356 0 0 0.419621240570644
"473" 0.580378759429356 0 0 0.419621240570644
"474" 0.542508428984277 0 0 0.457491571015723
"475" 0.584571332665187 0 0 0.415428667334813
"476" 0.549563957130999 0 0 0.450436042869001
"477" 0.547823827933366 0 0 0.452176172066634
"478" 0.53179042306736 0 0 0.46820957693264
"479" 0.57088688592593 0 0 0.42911311407407
"480" 0.569809109410545 0 0 0.430190890589455
"481" 0.572938240330721 0 0 0.427061759669279
"482" 0.544656425513202 0 0 0.455343574486798
"483" 0.612665241737033 0 0 0.387334758262967
"484" 0.582834299105828 0 0 0.417165700894172
"485" 0.577795782458996 0 0 0.422204217541004
"486" 0.602807795439183 1.05914028868105e-57 5.62351530999186e-59 0.397192204560817
"487" 0.604225591209399 1.04840490940788e-57 5.59645050168727e-59 0.395774408790601
"488" 0.579107366029331 0 0 0.420892633970669
"489" 0.511718572970781 0 0 0.488281427029219
"490" 0.551829131589474 0 0 0.448170868410526
"491" 0.607551418069665 1.40320285483234e-57 7.57919007846035e-59 0.392448581930335
"492" 0.590382111190562 1.8495452497801e-57 8.36038497845646e-59 0.409617888809438
"493" 0.611206067948896 2.49766289117885e-77 1.22996995286708e-78 0.388793932051104
"494" 0.611976803868879 7.67254522783948e-77 3.78861102889059e-78 0.388023196131121
"495" 0.628819295221167 1.08678561593324e-92 5.75829012345004e-94 0.371180704778833
"496" 0.609777126541386 1.32677998781897e-92 5.45133554738915e-94 0.390222873458614
"497" 0.625609814361271 5.0191657203105e-91 2.46810079571156e-92 0.374390185638729
"498" 0.625609814361271 5.0191657203105e-91 2.46810079571156e-92 0.374390185638729
"499" 0.632172541746675 1.01505989377409e-90 5.28083013399545e-92 0.367827458253325
"500" 0.621167981889032 1.68221749206505e-90 7.65725974443619e-92 0.378832018110968
"501" 0.178008844323808 0.0812760853467651 0.68735612851903 0.0533589418103975
"502" 0.178696763940684 0.0812545556970455 0.686637921656765 0.0534107587055057
"503" 0.180076064918995 0.0812114267997492 0.685197572388823 0.0535149358924338
"504" 0.273895851224671 0.0762551337573354 0.599232389783554 0.050616625234439
"505" 0.277371777800925 0.0762495206774786 0.595481096725852 0.0508976047957451
"506" 0.278141759463004 0.0762242615833223 0.594677233596235 0.0509567453574382
"507" 0.421306277236602 0.0725263196075133 0.461839041232149 0.0443283619237356
"508" 0.423904159450755 0.0725608077394534 0.458995214473701 0.0445398183360901
"509" 0.425764894011124 0.0724704340220747 0.457088713072219 0.0446759588945819
"510" 0.429296209887333 0.0724463754933685 0.453301313074668 0.0449561015446312
"511" 0.525231831778805 0.0767408096624955 0.362088152393428 0.0359392061652719
"512" 0.52597201607915 0.0770177763514993 0.361024924028861 0.0359852835404897
"513" 0.526209572734741 0.0773229353253943 0.360473679949475 0.0359938119903894
"514" 0.574042187820087 0.105820416668603 0.291811794416375 0.028325601094935
"515" 0.571348647373283 0.107295718377059 0.293181662427237 0.0281739718224205
"516" 0.5711928634114 0.107619459234094 0.29303300664201 0.0281546707124955
"517" 0.567401421494253 0.109258487932981 0.295396386109504 0.0279437044632623
"518" 0.571239701525592 0.124218036528892 0.280573918209935 0.0239683437355807
"519" 0.571145313409422 0.124384038388959 0.280508808054527 0.0239618401470923
"520" 0.571053234068744 0.12455003125869 0.280441276991586 0.02395545768098
"521" 0.57434096108771 0.182026671926212 0.219261062795834 0.0243713041902442
"522" 0.569233562701511 0.186365165577707 0.220293753286786 0.0241075184339961
"523" 0.56877563258518 0.187058068272831 0.220086664662025 0.0240796344799634
"524" 0.562333844602299 0.191617562234317 0.222291977317996 0.0237566158453884
"525" 0.69875052802427 0 0 0.30124947197573
"526" 0.56472292976342 0.212581128612702 0.19918617980429 0.023509761819588
"527" 0.569116791122501 0.208941980136233 0.198213792640484 0.0237274361007827
"528" 0.563579854056787 0.206872286059632 0.206597923431052 0.0229499364525287
"529" 0.568467334444488 0.202553787202171 0.205792518260182 0.0231863600931584
"530" 0.571956130454554 0.199373743826405 0.205318599042998 0.023351526676043
"531" 0.571832046969867 0.199590562865587 0.205233208179724 0.0233441819848224
"532" 0.567804512059163 0.243871232805707 0.163799434947988 0.0245248201871419
"533" 0.56767420056662 0.244080672476878 0.163728479060803 0.0245166478956992
"534" 0.564362516097438 0.247597006069678 0.163699748709278 0.0243407291236054
"535" 0.562103817958027 0.267080793155219 0.145854353783677 0.0249610351030769
"536" 0.562103817958027 0.267080793155219 0.145854353783677 0.0249610351030769
"537" 0.561752586491594 0.267664364810847 0.145644343170377 0.024938705527182
"538" 0.619285983503757 0 0 0.380714016496243
"539" 0.640128427775284 2.93086744531486e-57 1.95804410578662e-58 0.359871572224716
"540" 0.618455892710187 0 0 0.381544107289813
"541" 0.587495456892486 0 0 0.412504543107514
"542" 0.588551151922475 0 0 0.411448848077525
"543" 0.555494489028166 0 0 0.444505510971834
"544" 0.555494489028166 0 0 0.444505510971834
"545" 0.555494489028166 0 0 0.444505510971834
"546" 0.536172595756979 0 0 0.463827404243021
"547" 0.536172595756979 0 0 0.463827404243021
"548" 0.537535164653767 0 0 0.462464835346233
"549" 0.538851090426928 0 0 0.461148909573072
"550" 0.552379772722418 0 0 0.447620227277582
"551" 0.637549455587316 1.2248844791704e-57 7.97631757826881e-59 0.362450544412684
"552" 0.6162082369832 0 0 0.3837917630168
"553" 0.582878708792161 0 0 0.417121291207839
"554" 0.547204394698291 0 0 0.452795605301709
"555" 0.558125074703841 0.297028404408725 0.118713566926198 0.0261329539612361
"556" 0.547204394698291 0 0 0.452795605301709
"557" 0.539123206860479 0 0 0.460876793139521
"558" 0.574835178359952 0 0 0.425164821640048
"559" 0.626269655547021 5.83872180400869e-57 3.37754110387583e-58 0.373730344452979
"560" 0.630922827115122 5.46707979656265e-76 2.98749631306029e-77 0.369077172884878
"561" 0.646522005661126 3.633545187134e-91 2.12155858095577e-92 0.353477994338874
"562" 0.643112775793229 6.61832398841059e-91 3.66312281469854e-92 0.356887224206771
"563" 0.627803650979503 4.264752040288e-75 2.21106046868239e-76 0.372196349020497
"564" 0.608966730413334 8.91787129812635e-56 4.2730746812042e-57 0.391033269586666
"565" 0.577423405248749 0 0 0.422576594751251
"566" 0.601082276066903 2.42860365904131e-55 1.05735447587573e-56 0.398917723933097
"567" 0.620489271242031 2.35453186443891e-74 1.11122415165416e-75 0.379510728757969
"568" 0.6261300965973 1.17551198910861e-89 5.78817924357835e-91 0.3738699034027
"569" 0.616689459368326 1.3016674566215e-73 6.33849329177362e-75 0.383310540631674
"570" 0.616689459368326 1.3016674566215e-73 6.33849329177362e-75 0.383310540631674
"571" 0.616789837227535 2.4824049204102e-73 1.20911572094973e-74 0.383210162772465
"572" 0.621571888166591 4.48432312478029e-89 2.04297310950164e-90 0.378428111833409
"573" 0.621738914666927 3.71684807179809e-88 1.69365723081659e-89 0.378261085333073
"574" 0.177518046221715 0.0812012992762616 0.687968973485577 0.0533116810164465
"575" 0.178209312989346 0.0811798029817602 0.68724723068164 0.0533636533472538
"576" 0.178901818146861 0.0811582849146831 0.686524083010805 0.0534158139276507
"577" 0.18029043029998 0.0811151800240577 0.685073695912494 0.0535206937634678
"578" 0.27349744083338 0.0761611579820483 0.599770478838529 0.0505709223460431
"579" 0.277009562517993 0.0761547324155399 0.595981498317273 0.0508542067491936
"580" 0.279336495620168 0.0760787411746586 0.593551734856253 0.05103302834892
"581" 0.421862653987161 0.0723432279897621 0.461447440896613 0.044346677126464
"582" 0.422514097842231 0.0723129415734946 0.460778771706256 0.0443941888780185
"583" 0.425760679355921 0.0723149077656264 0.457270545087309 0.0446538677911436
"584" 0.427626341375933 0.0722236587959124 0.455359077108344 0.0447909227198106
"585" 0.525767371994982 0.0764281322857203 0.361850099696228 0.0359543960230703
"586" 0.527044194474059 0.0766853619103724 0.360236562092031 0.0360338815235367
"587" 0.527627956821231 0.0766690133218544 0.35963902252662 0.0360640073302948
"588" 0.577424640709192 0.103383351584498 0.29068518199561 0.0285068257107
"589" 0.57596828530109 0.104777172503907 0.290833008928336 0.0284215332666681
"590" 0.577476728180164 0.103808470355818 0.290222486761592 0.028492314702426
"591" 0.577486938541552 0.103894998994838 0.290128640941885 0.028489421521725
"592" 0.579452598917985 0.118765393918679 0.277449344727827 0.0243326624355096
"593" 0.577168700850817 0.120749568716062 0.277853665764467 0.0242280646686543
"594" 0.577108573549845 0.120897970196419 0.277770375060555 0.0242230811931811
"595" 0.572704089516378 0.141177954993557 0.263832279293572 0.0222856761964927
"596" 0.572525321097939 0.14155973465146 0.26363996316403 0.0222749810865711
"597" 0.572358708350144 0.141939266565786 0.263437162825899 0.0222648622581714
"598" 0.572204575502573 0.142316326840932 0.263223765335845 0.0222553323206505
"599" 0.569385152510295 0.184185376421064 0.224566626273271 0.0218628447953693
"600" 0.569490139890223 0.183969000768112 0.224672332938988 0.0218685264026763
"601" 0.569490139890223 0.183969000768112 0.224672332938988 0.0218685264026763
"602" 0.563854928828345 0.228914425102321 0.18483710381707 0.0223935422522634
"603" 0.563739025520116 0.229130475718275 0.184743261485426 0.0223872372761831
"604" 0.563626582815546 0.22934456029499 0.184647741660834 0.0223811152286308
"605" 0.563412043488002 0.22976680595024 0.18445173386594 0.0223694166958184
