"V1" "V2" "V3" "V4"
"1" 0.553059595426831 0.0736623606812474 0.256959254619617 0.116318789272305
"2" 0.553300823933435 0.0747946409025817 0.255794913682573 0.11610962148141
"3" 0.553486149248939 0.0759357573974289 0.254678545978246 0.115899547375386
"4" 0.553059595426831 0.0736623606812474 0.256959254619617 0.116318789272305
"5" 0.526953237544904 0.0571042108568572 0.261187218830749 0.15475533276749
"6" 0.528537174090516 0.0579190712569389 0.259107360890121 0.154436393762424
"7" 0.542881100625177 0.0666917238314867 0.25627495053339 0.134152225009946
"8" 0.529303620960749 0.0583281411997976 0.258092143639487 0.154276094199966
"9" 0.542881100625177 0.0666917238314867 0.25627495053339 0.134152225009946
"10" 0.553486149248939 0.0759357573974289 0.254678545978246 0.115899547375386
"11" 0.519910242067349 0.0538879216706835 0.270193981800395 0.156007854461573
"12" 0.506122314034455 0.048679669157569 0.267795001669063 0.177403015138913
"13" 0.514415405292992 0.0510375710801543 0.258480556079308 0.176066467547546
"14" 0.53005330112573 0.0587383067659168 0.257093141468686 0.154115250639667
"15" 0.543275592935729 0.067180913512425 0.255522685100647 0.134020808451199
"16" 0.553486149248939 0.0759357573974289 0.254678545978246 0.115899547375386
"17" 0.553696928812233 0.0782435623362747 0.252582813208755 0.115476695642738
"18" 0.509780803337995 0.0496888477295135 0.263694977585423 0.176835371347068
"19" 0.509780803337995 0.0496888477295135 0.263694977585423 0.176835371347068
"20" 0.51328245219971 0.0507000242291137 0.259757570869502 0.176259952701675
"21" 0.528537174090516 0.0579190712569389 0.259107360890121 0.154436393762424
"22" 0.542881100625177 0.0666917238314867 0.25627495053339 0.134152225009946
"23" 0.543654819031661 0.0676718363599874 0.254784296510485 0.133889048097866
"24" 0.543654819031661 0.0676718363599874 0.254784296510485 0.133889048097866
"25" 0.544368368156372 0.0686588250367886 0.253348298224467 0.133624508582371
"26" 0.545622099308429 0.0706529240828718 0.250633543878356 0.133091432730343
"27" 0.546165829579206 0.0716597427252876 0.24935149254684 0.132822935148667
"28" 0.546656482786605 0.0726728547333764 0.248117509875887 0.132553152604132
"29" 0.546882450664758 0.0731817142297298 0.247518051493111 0.132417783612402
"30" 0.553461748130386 0.0835509448880908 0.248475256812028 0.114512050169496
"31" 0.480837000969975 0.0412277276261342 0.275871920924946 0.202063350478945
"32" 0.485840771196605 0.0420612991911284 0.2706912415531 0.201406688059167
"33" 0.487475863920333 0.0423376110502188 0.269001339966558 0.20118518506289
"34" 0.487475863920333 0.0423376110502188 0.269001339966558 0.20118518506289
"35" 0.49228325555716 0.0431620043714395 0.264041739649702 0.200513000421699
"36" 0.512132453744617 0.050362727491426 0.261052213478342 0.176452605285615
"37" 0.526953237544904 0.0571042108568572 0.261187218830749 0.15475533276749
"38" 0.528537174090516 0.0579190712569389 0.259107360890121 0.154436393762424
"39" 0.541603782907448 0.0652346777408801 0.258617161938297 0.134544377413375
"40" 0.542471117841088 0.066204280210968 0.25704130753642 0.134283294411525
"41" 0.54401900289542 0.0681644784904985 0.254059571477384 0.133756947136698
"42" 0.553617536038167 0.077085480236421 0.253608412276003 0.115688571449408
"43" 0.553696928812233 0.0782435623362747 0.252582813208755 0.115476695642738
"44" 0.553696928812233 0.0782435623362747 0.252582813208755 0.115476695642738
"45" 0.546165829579206 0.0716597427252876 0.24935149254684 0.132822935148667
"46" 0.538359380693044 0.0641695779826268 0.245493348658336 0.151977692665992
"47" 0.538894241433762 0.0645948429368 0.244701033188885 0.151809882440553
"48" 0.546882450664758 0.0731817142297298 0.247518051493111 0.132417783612402
"49" 0.547485512524887 0.0747172144020518 0.24578749108552 0.132009781987541
"50" 0.547827324698343 0.0757480554533108 0.244688407231573 0.131736212616773
"51" 0.55282499715854 0.0871665431138901 0.246149938168369 0.113858521559201
"52" 0.490697057686452 0.0428879563035357 0.265676657228046 0.200738328781966
"53" 0.493853257453417 0.043435313194831 0.262425007467033 0.200286421884719
"54" 0.496944902522014 0.0439797465782336 0.259245785807821 0.199829565091932
"55" 0.51328245219971 0.0507000242291137 0.259757570869502 0.176259952701675
"56" 0.515531445075046 0.0513753768638488 0.257221017931376 0.175872160129729
"57" 0.517713322846793 0.0520517991147468 0.254753758933052 0.175481119105409
"58" 0.518779434667245 0.0523904317036151 0.253545727810152 0.175284405818988
"59" 0.520862701891726 0.0530685777872502 0.251180077562378 0.174888642758646
"60" 0.522881642969863 0.053747944637852 0.248880582548881 0.174489829843404
"61" 0.522881642969863 0.053747944637852 0.248880582548881 0.174489829843404
"62" 0.524837417085967 0.0544285823816371 0.246645956864662 0.174088043667734
"63" 0.526731204017852 0.0551105345817636 0.244474902392027 0.173683359008358
"64" 0.537810419957906 0.0637453539511165 0.246299185516156 0.152145040574821
"65" 0.539922429786541 0.0654484566711303 0.243156220266722 0.151472893275607
"66" 0.540416140143531 0.0658767841384453 0.242403352645263 0.151303723072761
"67" 0.541363747704344 0.0667364212153268 0.240935777889467 0.150964053190862
"68" 0.541818025401799 0.0671677051609476 0.240220708283828 0.150793561153426
"69" 0.542688476024214 0.0680331342244849 0.238827108328395 0.150451281422906
"70" 0.543509376416867 0.0689022770713765 0.237481049021446 0.150107297490311
"71" 0.548483336043363 0.0783486198621917 0.242121204429805 0.13104683966464
"72" 0.548670670908394 0.0793975892478931 0.241162823188296 0.130768916655417
"73" 0.548875505338441 0.0809797884269636 0.239794977307617 0.130349728926978
"74" 0.551472506107169 0.0920647443446776 0.243489309080341 0.112973440467813
"75" 0.55126763485541 0.0926821629777488 0.243188549902404 0.112861652264437
"76" 0.480176522855414 0.0377215248467266 0.257043278403695 0.225058673894164
"77" 0.484020459072179 0.0381395585046836 0.253323968396092 0.224516014027046
"78" 0.487809509585566 0.0385506543862847 0.249673155967558 0.223966680060591
"79" 0.49154366683904 0.0389548454031957 0.246090698225048 0.223410789532716
"80" 0.495222971206309 0.0393521765979646 0.242576388299775 0.222848463895951
"81" 0.498847508898301 0.0397427044147174 0.239129958496838 0.222279828190144
"82" 0.498847508898301 0.0397427044147174 0.239129958496838 0.222279828190144
"83" 0.510072602401401 0.0463954958651476 0.24581668540029 0.197715216333161
"84" 0.512819114258702 0.046925206649646 0.243022694735719 0.197232984355932
"85" 0.515505005619469 0.0474525100773862 0.240296004931779 0.196746479371365
"86" 0.518131018758775 0.047977492327622 0.237635682551129 0.196255806362474
"87" 0.528564201490922 0.0557938378671749 0.242366112010185 0.173275848631718
"88" 0.538894241433762 0.0645948429368 0.244701033188885 0.151809882440553
"89" 0.547485512524887 0.0747172144020518 0.24578749108552 0.132009781987541
"90" 0.548122927865762 0.0767843776441253 0.243631298619698 0.131461395870415
"91" 0.552955187513526 0.0865601401003785 0.246516632843468 0.113968039542628
"92" 0.552685682967752 0.0877743618145877 0.245791194696824 0.113748760520836
"93" 0.552215100017798 0.0896058431037399 0.244761059230558 0.113417997647904
"94" 0.552041382920317 0.0902188526517292 0.244432521909437 0.113307242518517
"95" 0.551669886048548 0.0914483529201408 0.243796794548498 0.113084966482814
"96" 0.548995456179943 0.0825712165721215 0.238505622769261 0.129927704478674
"97" 0.549017294618374 0.0831036194856429 0.238092683228532 0.129786402667451
"98" 0.550836194698645 0.0939198782867533 0.242606648683888 0.112637278330714
"99" 0.550610008563227 0.0945400721631818 0.242325232305406 0.112524686968185
"100" 0.549639855062333 0.0970285397189549 0.241260047895409 0.112071557323303
"101" 0.47978624550556 0.0329448281703191 0.237681210419118 0.249587715905003
"102" 0.482063361673948 0.0330790942670759 0.235599403638057 0.249258140420919
"103" 0.491065168143916 0.0335878326931498 0.227428688689863 0.247918310473071
"104" 0.498847508898301 0.0397427044147174 0.239129958496838 0.222279828190144
"105" 0.497702966944168 0.0339396520755845 0.221466042175302 0.246891338804945
"106" 0.499893669885679 0.0340512769778297 0.219510145995518 0.246544907140973
"107" 0.505932845622362 0.0405036282749989 0.232439383208278 0.221124142894361
"108" 0.511104349076187 0.0410570316399232 0.227596828880259 0.220241790403631
"109" 0.512801203337299 0.0412382685855942 0.226015733734732 0.219944794342375
"110" 0.524439211379603 0.0492803561604737 0.231268858232121 0.195011574227802
"111" 0.532888732506427 0.0575081805999228 0.237357914588511 0.172245172305139
"112" 0.541363747704344 0.0667364212153268 0.240935777889467 0.150964053190862
"113" 0.543105026129742 0.068467249342223 0.238148223678247 0.150279500849788
"114" 0.548253923526652 0.0773045210722004 0.243118034402601 0.131323520998546
"115" 0.548582161860219 0.0788725119755016 0.241637292768614 0.130908033395665
"116" 0.548670670908394 0.0793975892478931 0.241162823188296 0.130768916655417
"117" 0.545354641525724 0.0710904965505435 0.234314814783093 0.149240047140639
"118" 0.546013823102736 0.0719715374063134 0.233124350716025 0.148890288774925
"119" 0.548995456179943 0.0825712165721215 0.238505622769261 0.129927704478674
"120" 0.54903037742224 0.0836369238803394 0.237687912730847 0.129644785966574
"121" 0.549031024731515 0.084706084949832 0.236902286734344 0.129360603584309
"122" 0.549639855062333 0.0970285397189549 0.241260047895409 0.112071557323303
"123" 0.549381878025228 0.0976523158682871 0.241008237334663 0.111957568771822
"124" 0.548892335123593 0.0873920506182685 0.235071055713408 0.12864455854473
"125" 0.548935388057877 0.0868535239860291 0.235422676406637 0.128788411549457
"126" 0.548841977484441 0.0879311626671268 0.234726479003857 0.128500380844575
"127" 0.548648798869404 0.0895515972628962 0.233733720899785 0.128065882967914
"128" 0.547717248506953 0.101404977056837 0.239610287663584 0.111267486772626
"129" 0.547122451981617 0.102658233325544 0.239184292562634 0.111035022130206
"130" 0.547122451981617 0.102658233325544 0.239184292562634 0.111035022130206
"131" 0.493971391828777 0.0278486007838837 0.204686948086234 0.273493059301105
"132" 0.499893669885679 0.0340512769778297 0.219510145995518 0.246544907140973
"133" 0.502073350510272 0.0341600868381589 0.217570107768092 0.246196454883477
"134" 0.507261512762537 0.0279889452002287 0.193327215945277 0.271422326091957
"135" 0.509896641485495 0.0280047599827689 0.191098295084788 0.271000303446948
"136" 0.515143136565252 0.0280241520466292 0.186684121905366 0.270148589482752
"137" 0.519109591018869 0.0349302896993914 0.202621475405111 0.243338643876628
"138" 0.527473544904678 0.0427993682635264 0.212516608742191 0.217210478089604
"139" 0.532674581042021 0.0510833883527023 0.223011974888813 0.193230055716464
"140" 0.533796169145589 0.0513391389174883 0.221892690169458 0.192972001767464
"141" 0.537081065926476 0.0521038557018466 0.218622293034533 0.192192785337145
"142" 0.539796285485798 0.0606162749579617 0.229237568295511 0.17034987126073
"143" 0.545689687352392 0.0715306260210348 0.2337143172219 0.149065369404673
"144" 0.546327229121927 0.072413209732526 0.232544754304601 0.148714806840946
"145" 0.548964672793316 0.082039752556359 0.238926882302262 0.130068692348062
"146" 0.549034892166399 0.0841710918341085 0.237291162657893 0.129502853341599
"147" 0.550137644907182 0.0957828725938247 0.241780801543455 0.112298680955539
"148" 0.548998877879676 0.0857783904385919 0.236147582867357 0.129075148814376
"149" 0.548935388057877 0.0868535239860291 0.235422676406637 0.128788411549457
"150" 0.548841977484441 0.0879311626671268 0.234726479003857 0.128500380844575
"151" 0.548784488336289 0.0884708188795042 0.234388815949604 0.128355876834603
"152" 0.548648798869404 0.0895515972628962 0.233733720899785 0.128065882967914
"153" 0.548570935589509 0.0900926352985758 0.233416039165537 0.127920389946378
"154" 0.548648798869404 0.0895515972628962 0.233733720899785 0.128065882967914
"155" 0.549859817653779 0.0791135482211754 0.2249909646977 0.146035669427345
"156" 0.550025098733812 0.0795640839181906 0.224556823369626 0.145853993978371
"157" 0.550182525956883 0.0800149429669764 0.224130590256455 0.145671940819686
"158" 0.54829925424215 0.0917178345051118 0.232501005107893 0.127481906144845
"159" 0.54829925424215 0.0917178345051118 0.232501005107893 0.127481906144845
"160" 0.547973815790795 0.0933452578576648 0.231640549349817 0.127040377001723
"161" 0.545559804868959 0.105792585817712 0.238199310378343 0.110448298934985
"162" 0.545235537111577 0.106419226914042 0.238015261296028 0.110329974678353
"163" 0.547598837948409 0.0949737311983325 0.230831678906858 0.126595751946401
"164" 0.547463543381242 0.0955165844198416 0.230573025754034 0.126446846444882
"165" 0.506161967604856 0.0219334628494818 0.172803071462512 0.29910149808315
"166" 0.507261512762537 0.0279889452002287 0.193327215945277 0.271422326091957
"167" 0.509896641485495 0.0280047599827689 0.191098295084788 0.271000303446948
"168" 0.512523884385639 0.0280164939989992 0.188883906065197 0.270575715550165
"169" 0.517754295077595 0.0280277404512917 0.184499011522595 0.269718952948518
"170" 0.522951928975434 0.0280227411583015 0.180173067486552 0.268852262379712
"171" 0.528116000901958 0.0280015765790443 0.175906545094488 0.267975877424509
"172" 0.533423565902448 0.0354616248379462 0.190372779578629 0.240742029680977
"173" 0.533654056829314 0.0434545729080106 0.20692942389026 0.215961946372415
"174" 0.538154965633151 0.0439313013800897 0.202900612994049 0.21501311999271
"175" 0.540248577299885 0.0528649481855866 0.215480233795473 0.191406240719056
"176" 0.542296588436815 0.0533704353431161 0.213455011627742 0.190877964592327
"177" 0.545068187608489 0.0634021048724502 0.222904108007991 0.16862559951107
"178" 0.547204856250045 0.0737425717579196 0.23086659593013 0.148185976061905
"179" 0.547992301740287 0.0750779657076428 0.229276125234008 0.147653607318063
"180" 0.548235555108543 0.0755243246354758 0.228764747816955 0.147475372439027
"181" 0.548910020734671 0.0768667280608653 0.227284898873461 0.146938352331003
"182" 0.549116971457023 0.0773152168886848 0.226809233825437 0.146758577828855
"183" 0.549315263327687 0.0777641711318368 0.226342144069677 0.146578421470799
"184" 0.549505060233792 0.0782135632038123 0.225883492550874 0.146397884011522
"185" 0.548648798869404 0.0895515972628962 0.233733720899785 0.128065882967914
"186" 0.54829925424215 0.0917178345051118 0.232501005107893 0.127481906144845
"187" 0.54839600043209 0.0911757967151097 0.232799799474135 0.127628403378665
"188" 0.54829925424215 0.0917178345051118 0.232501005107893 0.127481906144845
"189" 0.550736804486786 0.0818210185739619 0.222502215171685 0.144939961767567
"190" 0.550609242400095 0.0813691639974716 0.222898073241565 0.145123520360869
"191" 0.55085728018985 0.0822730460436939 0.22211364575996 0.144756028006496
"192" 0.547598837948409 0.0949737311983325 0.230831678906858 0.126595751946401
"193" 0.547463543381242 0.0955165844198416 0.230573025754034 0.126446846444882
"194" 0.547323343904897 0.0960593785957036 0.23031968831491 0.126297589184489
"195" 0.547178384345207 0.0966020695203428 0.230071567799543 0.126147978334907
"196" 0.54702880760578 0.0971446130634229 0.229828567660012 0.125998011670785
"197" 0.543220063111568 0.110172888893446 0.236994153030578 0.109612894964409
"198" 0.542873809204447 0.11079696230687 0.236837065843326 0.109492162645357
"199" 0.542173647080709 0.112043306952154 0.236533421497791 0.109249624469346
"200" 0.542173647080709 0.112043306952154 0.236533421497791 0.109249624469346
"201" 0.541819997505676 0.112665471393561 0.23638671889465 0.109127812206114
"202" 0.545682503524461 0.101474346520489 0.228057912331465 0.124785237623584
"203" 0.545309192054067 0.102552212834578 0.22766024424957 0.124478350861785
"204" 0.545117722328463 0.103090219331907 0.227467715253412 0.124324343086218
"205" 0.540021057453899 0.115764096738119 0.235701644840883 0.108513200967099
"206" 0.526339303244683 0.0157678442444188 0.133129872217546 0.324762980293352
"207" 0.515717977726411 0.0217399760556218 0.164927182346304 0.297614863871663
"208" 0.525242288692015 0.0214970803377082 0.15716229404852 0.296098336921757
"209" 0.531571813968153 0.0213076370018259 0.152049392706018 0.295071156324003
"210" 0.534730039207096 0.0212046611245176 0.149512475669765 0.294552823998621
"211" 0.533245755782281 0.0279643503954163 0.171699853078674 0.267090040743629
"212" 0.538340468018438 0.0279111888874024 0.167553339768483 0.266195003325676
"213" 0.543399440797776 0.0278422402569646 0.163467295032168 0.265291023913092
"214" 0.53938718552448 0.0356501478727555 0.185358753824051 0.239603912778713
"215" 0.545247930478416 0.0358159871932165 0.180484476924215 0.238451605404152
"216" 0.552902183489007 0.0360029483751099 0.174200543859871 0.236894324276012
"217" 0.546818231116574 0.0448490756628296 0.195247056688754 0.213085636531841
"218" 0.550984165563809 0.0452910943549798 0.191616783201893 0.212107956879318
"219" 0.549078391900526 0.0551284920726855 0.206787319906872 0.189005796119917
"220" 0.548536062321967 0.0655039595814167 0.218649913980163 0.167310064116453
"221" 0.550125476743478 0.0665582329852766 0.216670733239691 0.166645557031554
"222" 0.551623932628752 0.0676143405814533 0.214784983814573 0.165976742975221
"223" 0.549686524675138 0.0786633650640007 0.225433143958962 0.1462169663019
"224" 0.549859817653779 0.0791135482211754 0.2249909646977 0.146035669427345
"225" 0.550025098733812 0.0795640839181906 0.224556823369626 0.145853993978371
"226" 0.550609242400095 0.0813691639974716 0.222898073241565 0.145123520360869
"227" 0.547854123711697 0.0938880239967574 0.231365337157581 0.126892515133964
"228" 0.547598837948409 0.0949737311983325 0.230831678906858 0.126595751946401
"229" 0.547463543381242 0.0955165844198416 0.230573025754034 0.126446846444882
"230" 0.547598837948409 0.0949737311983325 0.230831678906858 0.126595751946401
"231" 0.547463543381242 0.0955165844198416 0.230573025754034 0.126446846444882
"232" 0.547178384345207 0.0966020695203428 0.230071567799543 0.126147978334907
"233" 0.54702880760578 0.0971446130634229 0.229828567660012 0.125998011670785
"234" 0.54702880760578 0.0971446130634229 0.229828567660012 0.125998011670785
"235" 0.546874754700601 0.0976869649646428 0.229590593032068 0.125847687302689
"236" 0.55164671271042 0.086343895260286 0.218925601487437 0.143083790541857
"237" 0.551583506107111 0.0858917300836111 0.219253675246544 0.143271088562733
"238" 0.551704250030136 0.0867959147068367 0.21860371565279 0.142896119610237
"239" 0.551756250976271 0.0872477557792707 0.218287917682244 0.142708075562215
"240" 0.546216536104227 0.0998535709657859 0.228687118894145 0.125242774035843
"241" 0.551844167360825 0.0881507711796774 0.21767419229255 0.142330869166948
"242" 0.545497493281269 0.102013574013371 0.227856951001248 0.124631981704112
"243" 0.540384533224037 0.11514617290878 0.235832420799052 0.108636873068132
"244" 0.545497493281269 0.102013574013371 0.227856951001248 0.124631981704112
"245" 0.551937749429584 0.089503133031124 0.216796854153917 0.141762263385375
"246" 0.551911492974802 0.0890526779920572 0.2170836576266 0.141952171406541
"247" 0.551911492974802 0.0890526779920572 0.2170836576266 0.141952171406541
"248" 0.551959233240158 0.0899532116539829 0.216515572447581 0.141571982658278
"249" 0.551937749429584 0.089503133031124 0.216796854153917 0.141762263385375
"250" 0.544525500013526 0.104700009604852 0.226914449350306 0.123860041031315
"251" 0.53818182168736 0.118837620930214 0.235091484586077 0.107889072796349
"252" 0.537810378741031 0.119448750645851 0.234977795818375 0.107763074794743
"253" 0.544322545231851 0.105235052374127 0.226737894091421 0.123704508302601
"254" 0.551999265634018 0.0921967982952194 0.215188946879727 0.140614989191035
"255" 0.543698628963282 0.10683491780313 0.226230862619268 0.123235590614319
"256" 0.543698628963282 0.10683491780313 0.226230862619268 0.123235590614319
"257" 0.543271238128126 0.107896684333429 0.22591104758082 0.122921029957625
"258" 0.533926412721499 0.0154360106950276 0.127057265328593 0.32358031125488
"259" 0.537722296193357 0.0152595632246313 0.124035373612452 0.32298276696956
"260" 0.545317418942085 0.0148855232940008 0.118021589726697 0.321775468037217
"261" 0.55291526682629 0.0144832104166386 0.112049337082304 0.320552185674767
"262" 0.56051371068888 0.0140525691530405 0.106120422254844 0.319313297903236
"263" 0.56811055944605 0.0135935935177786 0.100236638690458 0.318059208345713
"264" 0.556699370534729 0.0203303583488888 0.132130684048363 0.290839587068019
"265" 0.55091943304002 0.0277095926565484 0.15745210195265 0.263918872350781
"266" 0.555886190693035 0.027601962026839 0.153518131154942 0.262993716125183
"267" 0.560814985462646 0.0274792253282256 0.149645212726932 0.262060576482196
"268" 0.554787182861226 0.0360437609763478 0.172667605213045 0.236501450949381
"269" 0.560373737959878 0.0361524083031499 0.168159129291318 0.235314724445654
"270" 0.555042141143948 0.0457225240873421 0.188113703155329 0.21112163161338
"271" 0.558994111784774 0.046143858475491 0.18473488990806 0.210127139831674
"272" 0.555290379400489 0.0568706524826224 0.200738555818317 0.187100412298573
"273" 0.552103891297502 0.0679667261137593 0.214176512244667 0.165752870344072
"274" 0.553487214758308 0.0690247436682765 0.212409528509011 0.165078513064404
"275" 0.554363729442991 0.0697306633190904 0.211278904820223 0.164626702417696
"276" 0.554788698994816 0.0700837507720883 0.210727412258492 0.164400137974604
"277" 0.555204995338397 0.0704369025725153 0.210184962428002 0.164173139661086
"278" 0.55085728018985 0.0822730460436939 0.22211364575996 0.144756028006496
"279" 0.551177669548742 0.0836298552552013 0.220990495908328 0.144201979287729
"280" 0.551358517397706 0.0845346858252602 0.220276053430982 0.143830743346051
"281" 0.551439545378034 0.0849870929746148 0.219928796624994 0.143644565022358
"282" 0.558239408118284 0.0732624560274002 0.206156143263842 0.162341992590474
"283" 0.551439545378034 0.0849870929746148 0.219928796624994 0.143644565022358
"284" 0.551583506107111 0.0858917300836111 0.219253675246544 0.143271088562733
"285" 0.551704250030136 0.0867959147068367 0.21860371565279 0.142896119610237
"286" 0.551704250030136 0.0867959147068367 0.21860371565279 0.142896119610237
"287" 0.551802846855029 0.0876993855401806 0.217978108753141 0.14251965885165
"288" 0.551802846855029 0.0876993855401806 0.217978108753141 0.14251965885165
"289" 0.560499502925186 0.0757303611201089 0.20305150431038 0.160718631644325
"290" 0.560499502925186 0.0757303611201089 0.20305150431038 0.160718631644325
"291" 0.560794954828913 0.0760821807286478 0.202637678699062 0.160485185743377
"292" 0.560794954828913 0.0760821807286478 0.202637678699062 0.160485185743377
"293" 0.561083912694275 0.0764337569828687 0.202230965092732 0.160251365230124
"294" 0.561083912694275 0.0764337569828687 0.202230965092732 0.160251365230124
"295" 0.560794954828913 0.0760821807286478 0.202637678699062 0.160485185743377
"296" 0.574643561117211 0.0634556671188864 0.182398941014435 0.179501830749468
"297" 0.575238007713239 0.0636953116841235 0.18185244346699 0.179214237135648
"298" 0.5758247328445 0.0639346218997305 0.181314365024631 0.178926280231138
"299" 0.561912985959216 0.0774868255770007 0.20105250424856 0.159547684215224
"300" 0.551999851670504 0.0917490990056368 0.215443916316332 0.140807133007527
"301" 0.562435342724451 0.0781872847087753 0.200300628454958 0.159076744111815
"302" 0.562435342724451 0.0781872847087753 0.200300628454958 0.159076744111815
"303" 0.551973556579004 0.093536312722107 0.214453807430669 0.14003632326822
"304" 0.551957372073243 0.0939815131370593 0.214218424656905 0.139842690132793
"305" 0.535565354009004 0.123086324615173 0.234349651811693 0.10699866956413
"306" 0.543271238128126 0.107896684333429 0.22591104758082 0.122921029957625
"307" 0.542835681493207 0.108954210167476 0.225605211726461 0.122604896612855
"308" 0.542615098144857 0.109481278959924 0.225457386193706 0.122446236701514
"309" 0.541943322419388 0.111055216760136 0.22503359268687 0.121967868133606
"310" 0.534060244944626 0.125480025333549 0.233978847927141 0.106480881794684
"311" 0.532931159450765 0.127256715736559 0.23372397380551 0.106088151007166
"312" 0.564264579569657 0.00886153084378063 0.078129352927412 0.348744536659151
"313" 0.573289373491468 0.00827205268510523 0.0711197432811248 0.347318830542302
"314" 0.582339556196132 0.00764752108459802 0.0641391707788713 0.345873751940399
"315" 0.586873316454946 0.00732205875851998 0.0606605262491529 0.345144098537381
"316" 0.595956438107207 0.00664466774205982 0.0537280118847812 0.343670882265952
"317" 0.605057882047329 0.00593194345229613 0.0468306002073594 0.342179574293016
"318" 0.587087105656371 0.0123218545458365 0.0857310387274703 0.314860001070322
"319" 0.602231195424647 0.0111779316389391 0.0743520699634793 0.312238802972934
"320" 0.584523607718142 0.0188178284386326 0.110794217598437 0.285864346244788
"321" 0.596709713207555 0.0180097662426164 0.101691997447008 0.283588523102821
"322" 0.580139336513884 0.0268422427287021 0.13476444147114 0.258253979286275
"323" 0.573011263659625 0.0363291889377585 0.1581577396878 0.232501807714817
"324" 0.564101972061822 0.0466907818221218 0.180417982226631 0.208789263889426
"325" 0.558599881821816 0.0578595646215574 0.197542462573965 0.185998090982662
"326" 0.560192173778077 0.058352282415001 0.196012045364364 0.185443498442558
"327" 0.561744063251746 0.0588438552419934 0.194525361795438 0.184886719710822
"328" 0.563998149253473 0.0595790759237227 0.192375160491859 0.184047614330946
"329" 0.564730299336 0.0598235787214908 0.191679223182692 0.183766898759817
"330" 0.566166455893831 0.0603117239453038 0.190317820011087 0.183204000149778
"331" 0.566870684911282 0.0605553639946464 0.189652116699736 0.182921834394335
"332" 0.55752826425631 0.0725562503354796 0.2071132313898 0.162802254018411
"333" 0.558920647240883 0.0739683021699562 0.205230922038529 0.161880128550632
"334" 0.559250369481617 0.0743210441402146 0.20477998243714 0.161648603941028
"335" 0.55957299343043 0.0746736401951459 0.20433667753217 0.161416688842254
"336" 0.55957299343043 0.0746736401951459 0.20433667753217 0.161416688842254
"337" 0.559888642451157 0.0750260712992671 0.203900900023661 0.161184386225915
"338" 0.560794954828913 0.0760821807286478 0.202637678699062 0.160485185743377
"339" 0.561083912694275 0.0764337569828687 0.202230965092732 0.160251365230124
"340" 0.561083912694275 0.0764337569828687 0.202230965092732 0.160251365230124
"341" 0.561642813142423 0.0771360996308229 0.201438475824242 0.159782611402513
"342" 0.561366493545003 0.0767850700318454 0.201831263774354 0.160017172648797
"343" 0.575238007713239 0.0636953116841235 0.18185244346699 0.179214237135648
"344" 0.575238007713239 0.0636953116841235 0.18185244346699 0.179214237135648
"345" 0.561912985959216 0.0774868255770007 0.20105250424856 0.159547684215224
"346" 0.576975414367505 0.064412219185599 0.180263060489396 0.1783493059575
"347" 0.57753956633422 0.0646504957477052 0.179749634900927 0.178060303017149
"348" 0.576975414367505 0.064412219185599 0.180263060489396 0.1783493059575
"349" 0.597014295845471 0.0503585674240258 0.154201295746733 0.19842584098377
"350" 0.597014295845471 0.0503585674240258 0.154201295746733 0.19842584098377
"351" 0.578096388009671 0.0648884169076359 0.179244229297805 0.177770965784888
"352" 0.56386639596449 0.0802792313118157 0.198198928968341 0.157655443755354
"353" 0.55191422847544 0.0948697602790505 0.213761703242408 0.139454308003101
"354" 0.563641431014871 0.079931677583349 0.198533697513783 0.157893193887997
"355" 0.579723822171488 0.0655999898194152 0.177775169468044 0.176901018541053
"356" 0.579723822171488 0.0655999898194152 0.177775169468044 0.176901018541053
"357" 0.58077385408671 0.066072485067625 0.176834150806096 0.176319510039569
"358" 0.564086186386887 0.0806262944319586 0.197870165794759 0.157417353386396
"359" 0.551748358814734 0.0970762945680344 0.212698493123709 0.138476853493523
"360" 0.541027792744406 0.113135335508506 0.224512444783348 0.12132442696374
"361" 0.531804407116018 0.129016126485858 0.233487861868013 0.105691604530111
"362" 0.531804407116018 0.129016126485858 0.233487861868013 0.105691604530111
"363" 0.531429717793333 0.129598552825051 0.233413162181645 0.105558567199971
"364" 0.531804407116018 0.129016126485858 0.233487861868013 0.105691604530111
"365" 0.531429717793333 0.129598552825051 0.233413162181645 0.105558567199971
"366" 0.540094924437316 0.115192040887408 0.224038524820637 0.120674509854638
"367" 0.540329463021527 0.114680194557697 0.22415274330901 0.120837599111766
"368" 0.529937471870344 0.13190690841388 0.233133513961556 0.10502210575422
"369" 0.52919627323222 0.133047700102869 0.233004754932171 0.10475127173274
"370" 0.625495088064249 0.000461102280080371 0.00413941970792561 0.369904389947745
"371" 0.630780627436299 1.71472115914483e-05 0.000152051416052907 0.369050173936057
"372" 0.632149106450083 1.21474237353832e-07 1.05124707765934e-06 0.367849720828602
"373" 0.614173836346411 0.00518396727222078 0.0399714061031195 0.340670790278249
"374" 0.627875927212457 0.00399519007990192 0.029753150936299 0.338375731771342
"375" 0.641594642821907 0.00272745919235654 0.0196331436402172 0.33604475434552
"376" 0.621090291935004 0.00959201064804978 0.0604263843466202 0.308891313070326
"377" 0.632355757098851 0.0085588503237281 0.0522373214385744 0.306848071138846
"378" 0.605768205185605 0.0173508359469129 0.0950226387463708 0.281858320121111
"379" 0.59189146724745 0.0263309181315426 0.125957003454613 0.255820611166394
"380" 0.598817645872675 0.0259850696452787 0.12085423487831 0.254343049603736
"381" 0.583403561285663 0.0364015640923302 0.150147532162423 0.230047342459584
"382" 0.590110141811622 0.0364125463075246 0.145085639119117 0.228391672761736
"383" 0.573782441953551 0.0477379725880037 0.172402724716684 0.206076860741761
"384" 0.57723498612219 0.0481160600547487 0.169600470222545 0.205048483600517
"385" 0.580593898921202 0.048486879518293 0.166904560647274 0.204014660913231
"386" 0.568251995748176 0.0610417708820025 0.188350120606802 0.18235611276302
"387" 0.570257726690662 0.0617691660222576 0.186468927273365 0.181504180013715
"388" 0.571551976343924 0.0622525881947536 0.18526134883147 0.180934086629853
"389" 0.572186547326551 0.0624938373970303 0.184671192816987 0.180648422459431
"390" 0.560197438670204 0.0753783180979367 0.20347254376958 0.160951699462279
"391" 0.573431102714095 0.062975393782178 0.183517605253544 0.180075898250183
"392" 0.574041293068865 0.0632156929781126 0.182953960366145 0.179789053586878
"393" 0.561083912694275 0.0764337569828687 0.202230965092732 0.160251365230124
"394" 0.561366493545003 0.0767850700318454 0.201831263774354 0.160017172648797
"395" 0.561642813142423 0.0771360996308229 0.201438475824242 0.159782611402513
"396" 0.576975414367505 0.064412219185599 0.180263060489396 0.1783493059575
"397" 0.56293445383117 0.0788862829910419 0.199574887825564 0.158604375352224
"398" 0.563175564754994 0.0792351824212944 0.199221590261149 0.158367662562563
"399" 0.56293445383117 0.0788862829910419 0.199574887825564 0.158604375352224
"400" 0.57753956633422 0.0646504957477052 0.179749634900927 0.178060303017149
"401" 0.598899210687427 0.0505818201022089 0.152798787950252 0.197720181260112
"402" 0.598899210687427 0.0505818201022089 0.152798787950252 0.197720181260112
"403" 0.628097146541236 0.0359527703873078 0.118148842140555 0.217801240930901
"404" 0.628097146541236 0.0359527703873078 0.118148842140555 0.217801240930901
"405" 0.629480256296221 0.0359197301513643 0.117228003790323 0.217372009762092
"406" 0.601660658486643 0.0509129057083549 0.15076696946609 0.196659466338913
"407" 0.581288668401644 0.0663081474643759 0.176374870994831 0.176028313139149
"408" 0.564715520042642 0.0816643288481823 0.19691908227316 0.156701068836015
"409" 0.551660906245464 0.0979525972235787 0.212303218808977 0.13808327772198
"410" 0.565301863785452 0.0826971862245135 0.196019127780312 0.155981822209723
"411" 0.565111031704404 0.0823535109691514 0.196313561701723 0.156221895624722
"412" 0.583764296045006 0.0674803345368592 0.174187201174476 0.174568168243659
"413" 0.606953272958189 0.0515625568712438 0.146952878320941 0.194531291849626
"414" 0.606092025929435 0.0514553679801719 0.147566077147002 0.194886528943392
"415" 0.606953272958189 0.0515625568712438 0.146952878320941 0.194531291849626
"416" 0.58424034322295 0.0677134971175069 0.173770806757289 0.174275352902255
"417" 0.584710230048717 0.0679462175567702 0.173361261973541 0.173982290420972
"418" 0.58424034322295 0.0677134971175069 0.173770806757289 0.174275352902255
"419" 0.611951301199834 0.0521974181626275 0.143454950511169 0.192396330126369
"420" 0.586529828735893 0.0688725243835561 0.171789952087861 0.17280769479269
"421" 0.586529828735893 0.0688725243835561 0.171789952087861 0.17280769479269
"422" 0.586529828735893 0.0688725243835561 0.171789952087861 0.17280769479269
"423" 0.587404791127305 0.0693328225753668 0.171043309855853 0.172219076441476
"424" 0.56697812069532 0.086095322575043 0.193362662266931 0.153563894462706
"425" 0.538436828259886 0.118727645318657 0.223314086832052 0.119521439589405
"426" 0.537244800622846 0.121197724591475 0.222871958132471 0.118685516653207
"427" 0.537483194217174 0.120707652915291 0.222955630999752 0.118853521867782
"428" 0.525205231288207 0.139146784084609 0.232417639195665 0.10323034543152
"429" 0.525918086001225 0.138061141005084 0.232509935232032 0.103510837761659
"430" 0.525205231288207 0.139146784084609 0.232417639195665 0.10323034543152
"431" 0.524851275762457 0.139685514691828 0.232373771396106 0.103089438149609
"432" 0.524499038376201 0.140221473453874 0.232331397894352 0.102948090275573
"433" 0.632149106450083 1.21474237353832e-07 1.05124707765934e-06 0.367849720828602
"434" 0.603933316212062 5.28622688037977e-12 4.9529353090332e-11 0.396066683733122
"435" 0.633943869380754 4.20782555593191e-08 3.51314821838016e-07 0.366055737226168
"436" 0.636350703046681 2.3855860429651e-11 1.90098282011456e-10 0.363649296739365
"437" 0.655326258158435 0.00138065631491515 0.00961338176258556 0.333679703764064
"438" 0.668653547645633 5.04923146545874e-06 3.40324459432912e-05 0.331307370676958
"439" 0.639842582097773 0.00783656661769453 0.0468483847148449 0.305472466569688
"440" 0.651030169627001 0.00670418529649291 0.0388752180415641 0.303390427034942
"441" 0.626611451930796 0.0156443035708808 0.0799924477076535 0.27775179679067
"442" 0.610149798362354 0.0253471749969792 0.112648577596679 0.251854449043987
"443" 0.616820319331976 0.0249295942009699 0.107902722325604 0.25034736414145
"444" 0.5966390456964 0.0363965979836032 0.140241782214895 0.226722574105101
"445" 0.601420960721439 0.0363681141960297 0.136748049993073 0.225462875089458
"446" 0.581693091628604 0.0486089458553237 0.166029046036387 0.203668916479685
"447" 0.584930418039277 0.048970742991654 0.163470351163314 0.202628487805754
"448" 0.570909071141841 0.0620110299228033 0.185860557116423 0.181219341818933
"449" 0.590131003487137 0.0495596833792728 0.159424694859453 0.200884618274137
"450" 0.572812888319351 0.0627347738731845 0.184089980665531 0.180362357141934
"451" 0.573431102714095 0.062975393782178 0.183517605253544 0.180075898250183
"452" 0.574643561117211 0.0634556671188864 0.182398941014435 0.179501830749468
"453" 0.576403835650976 0.064173592787675 0.180784604144681 0.178637967416668
"454" 0.576403835650976 0.064173592787675 0.180784604144681 0.178637967416668
"455" 0.576975414367505 0.064412219185599 0.180263060489396 0.1783493059575
"456" 0.56293445383117 0.0788862829910419 0.199574887825564 0.158604375352224
"457" 0.563175564754994 0.0792351824212944 0.199221590261149 0.158367662562563
"458" 0.563411188663118 0.0795836542919536 0.198874555984209 0.15813060106072
"459" 0.580252268987334 0.0658364303230644 0.177300886560748 0.176610414128854
"460" 0.579723822171488 0.0655999898194152 0.177775169468044 0.176901018541053
"461" 0.564086186386887 0.0806262944319586 0.197870165794759 0.157417353386396
"462" 0.58077385408671 0.066072485067625 0.176834150806096 0.176319510039569
"463" 0.632216000170768 0.0358511889559658 0.115419933475607 0.216512877397659
"464" 0.633568708321024 0.0358157516944088 0.114532522069887 0.216083017914681
"465" 0.633568708321024 0.0358157516944088 0.114532522069887 0.216083017914681
"466" 0.633568708321024 0.0358157516944088 0.114532522069887 0.216083017914681
"467" 0.63624398299676 0.0357427016731845 0.112790500330692 0.215222814999364
"468" 0.638879317901486 0.0356669591043875 0.111091621875298 0.214362101118828
"469" 0.606953272958189 0.0515625568712438 0.146952878320941 0.194531291849626
"470" 0.565488205777086 0.0830402227443933 0.195730143753012 0.155741427725509
"471" 0.565847789113026 0.0837242946385892 0.195168228753271 0.155259687495114
"472" 0.584710230048717 0.0679462175567702 0.173361261973541 0.173982290420972
"473" 0.584710230048717 0.0679462175567702 0.173361261973541 0.173982290420972
"474" 0.611138135332896 0.0520925448117111 0.144016799750549 0.192752520104845
"475" 0.585631855498508 0.0684103015185689 0.172562393727245 0.173395449255678
"476" 0.613554351817287 0.052406113586506 0.142355928964562 0.191683605631645
"477" 0.612756685104768 0.0523019381660187 0.142901355153099 0.192040021576114
"478" 0.615126790087293 0.0526134647412532 0.141289249505702 0.190970495665752
"479" 0.587833839608392 0.0695622296899241 0.170679472193365 0.17192445850832
"480" 0.587404791127305 0.0693328225753668 0.171043309855853 0.172219076441476
"481" 0.588675455703825 0.0700195188355859 0.169970390276369 0.171334635184219
"482" 0.616669123503 0.0528195377746293 0.140254251452275 0.190257087270096
"483" 0.567542561766326 0.0874319845825714 0.192437092708508 0.152588360942595
"484" 0.567542561766326 0.0874319845825714 0.192437092708508 0.152588360942595
"485" 0.567675220861181 0.0877638743351241 0.192217138459059 0.152343766344636
"486" 0.550705943457902 0.104380666265454 0.209828702976589 0.135084687300055
"487" 0.55046648495082 0.105630342814688 0.209427966675637 0.134475205558856
"488" 0.567930933301012 0.0884247807702315 0.19179054188246 0.151853744046296
"489" 0.619665462618768 0.0532280985030445 0.138276724795248 0.188829714082939
"490" 0.591073813184194 0.071378580363046 0.167986714459495 0.169560891993265
"491" 0.550215596357805 0.106866236728092 0.20905562991801 0.133862536996093
"492" 0.550042891149116 0.107682147576352 0.2088226218946 0.133452339379932
"493" 0.535583506078832 0.124569341674375 0.22234913156714 0.117498020679654
"494" 0.534878843743943 0.125981059604537 0.222157111004232 0.116982985647288
"495" 0.522765375136801 0.14285856164934 0.232141310954476 0.102234752259383
"496" 0.522424481555933 0.143377219946055 0.232107530286949 0.102090768211063
"497" 0.520423706527241 0.146425379610873 0.231933203444724 0.101217710417162
"498" 0.520423706527241 0.146425379610873 0.231933203444724 0.101217710417162
"499" 0.520098055808449 0.146922515416158 0.231908744093871 0.101070684681522
"500" 0.519774739773736 0.147416468637205 0.231885562578155 0.100923229010904
"501" 0.605224016547561 7.24410847910558e-13 6.62497066830541e-12 0.39477598344509
"502" 0.605871061050059 2.77923140041052e-13 2.51143121918252e-12 0.394128938947152
"503" 0.607168205883661 2.20896052551285e-08 1.9493591872649e-07 0.392831577090815
"504" 0.609122347166921 6.53060294836488e-09 5.56539292024936e-08 0.390877590648547
"505" 0.639380288811648 5.2307911518052e-09 3.9395924266812e-08 0.360619666561637
"506" 0.639988937646924 2.36746068268853e-09 1.76349611969738e-08 0.360011042350654
"507" 0.642431824321551 1.13707997964126e-10 8.11086596332199e-10 0.357568174753655
"508" 0.672082405881978 3.56937088171144e-11 2.25917746637422e-10 0.327917593856411
"509" 0.673785297575807 7.64840572856425e-09 4.69606368548795e-08 0.32621464781515
