"V1" "V2" "V3" "V4"
"1" 0 0 0 1
"2" 0 0 0 1
"3" 0 0 0 1
"4" 0 0 0 1
"5" 0 0 0 1
"6" 0 0 0 1
"7" 0 2.63829453602699e-228 0 1
"8" 0 2.97045557233619e-213 0 1
"9" 0 8.36108913043367e-199 0 1
"10" 6.953355807835e-310 1.654760649561e-185 0 1
"11" 1.34655061688103e-292 2.40063492584662e-173 0 1
"12" 4.00833672001795e-292 1.32025049889796e-176 0 1
"13" 4.69351517028863e-309 2.56852658086922e-195 0 1
"14" 2.43367453274225e-309 4.18054456521683e-198 0 1
"15" 1.56645199638907e-305 2.24540967858326e-201 0 1
"16" 1.28164254250015e-305 8.37244375892196e-204 0 1
"17" 1.47236166281475e-275 9.27876986141373e-175 0 1
"18" 1.32591434661631e-234 2.50012477219217e-133 0 1
"19" 2.7401908044629e-198 2.00294252979828e-97 0 1
"20" 2.15519736564257e-187 1.0414028149946e-87 0 1
"21" 6.95976181637383e-188 1.15849691893524e-89 0 1
"22" 1.78529311181685e-177 2.25444684244787e-80 4.33677217458142e-249 1
"23" 3.01265844245326e-157 1.24429474635698e-60 0 1
"24" 1.2633237227261e-138 1.5383772536212e-42 4.04317461195219e-174 1
"25" 2.7090300818221e-130 1.40919849629378e-35 1.13805247973636e-159 1
"26" 3.18853533788968e-122 7.55184169445095e-29 1.007298057264e-145 1
"27" 1.89548276165781e-106 3.39888667206282e-16 2.15123615418292e-119 1
"28" 2.93693353133347e-107 6.33145522936602e-18 1.33022846818741e-121 1
"29" 9.8780784177223e-101 2.32452612131388e-14 3.36827709580291e-112 0.999999999999977
"30" 1.46990505204402e-109 1.89516690428535e-22 1.24688040098344e-127 1
"31" 1.68124982771695e-127 4.51201300878663e-41 6.11258656108396e-162 1
"32" 2.26916066091215e-111 1.00468375357337e-25 3.39827793626946e-132 1
"33" 2.20776001129048e-112 1.81083845633167e-27 1.08345905862842e-134 1
"34" 8.05872672577408e-105 6.23823977449011e-21 1.39011726069382e-121 1
"35" 1.07539012329462e-76 0.000418466433992388 8.72845544730843e-81 0.999581533566008
"36" 3.54098315623618e-59 0.0412100717542602 1.50755632558616e-62 0.95878992824574
"37" 4.52073829104741e-54 0.0445767493061648 1.99684809277072e-57 0.955423250693835
"38" 3.40354096424549e-49 0.0471995151219438 1.55083848494736e-52 0.952800484878056
"39" 1.12788466652422e-44 0.0498957749162582 5.37452328813248e-48 0.950104225083742
"40" 1.45827904717026e-32 0.0603408275186895 8.07649433948014e-36 0.93965917248131
"41" 1.0393130376842e-32 0.0601687592912854 5.86854244233192e-36 0.939831240708715
"42" 7.33372092910043e-33 0.059993057346518 4.22501426478384e-36 0.940006942653482
"43" 1.49499507184977e-29 0.0641798586852733 9.460242670192e-33 0.935820141314727
"44" 1.19003795002129e-29 0.0640420609529712 7.63508476581508e-33 0.935957939047029
"45" 1.28252163874333e-26 0.068748568365815 9.17266897567415e-30 0.931251431634185
"46" 1.26113033420374e-23 0.0745631649400561 9.86137102843006e-27 0.925436835059944
"47" 5.93978424519969e-21 0.0811847951330013 5.19618681134246e-24 0.918815204866999
"48" 4.16025203866872e-16 0.0989705006895518 4.57827709062933e-19 0.901029499310448
"49" 1.97835467475305e-10 0.142464043247849 3.36245135008185e-13 0.857535956553979
"50" 2.86659989770789e-12 0.123817386378662 4.28054607927991e-15 0.876182613618467
"51" 9.86597195229109e-11 0.139299696415676 1.78135222170253e-13 0.860700303485487
"52" 2.98532502276374e-09 0.159323391344997 6.43739069971111e-12 0.840676605663241
"53" 2.47848177347945e-09 0.158215926743391 5.43878438406836e-12 0.841784070772688
"54" 1.46485658116889e-09 0.155186193259306 3.37902805541442e-12 0.844813805272458
"55" 3.19377552944369e-08 0.178576801605096 8.87601696253802e-11 0.821423166368388
"56" 5.28866107012797e-06 0.241411379753699 2.17911766296973e-08 0.758583309794054
"57" 5.55383662267367e-06 0.242114769068482 2.27461555015268e-08 0.75787965434874
"58" 3.89739524476369e-06 0.237123834922799 1.66754119002062e-08 0.762872251006545
"59" 2.3961634939149e-05 0.271784454507935 1.30680776104346e-07 0.72819145317635
"60" 2.06205720003219e-05 0.269132200970807 1.14832374089845e-07 0.730847063624818
"61" 0.000550649611672686 0.359478106744825 4.73867714244436e-06 0.639966504966359
"62" 0.000488084777365021 0.356043506591438 4.29776730359487e-06 0.643464110863894
"63" 0.00166288040240665 0.403766642798108 1.8474296147222e-05 0.594552002503338
"64" 0.0042010906724525 0.447345260884445 6.08310290350016e-05 0.548392817414068
"65" 0.00366509777506551 0.442371649947562 5.51088549275526e-05 0.553908143422445
"66" 0.00828916155361503 0.484382423795004 0.000164562477928661 0.507163852173453
"67" 0.00214942351332414 0.423307423444725 3.71956311813968e-05 0.574505957410769
"68" 6.95247031768814e-05 0.307625005719711 8.63296140482764e-07 0.692304606280971
"69" 4.54665411283922e-07 0.216082106941571 4.17284142717093e-09 0.783917434220176
"70" 1.2311592560668e-08 0.178870155492185 1.03502240831964e-10 0.821129832092721
"71" 6.18795008829896e-09 0.173891711319532 5.60282399302244e-11 0.82610828243649
"72" 6.73267585808878e-08 0.196907610628885 7.74561113466753e-10 0.803092321269795
"73" 4.28861158170293e-08 0.192892013728125 5.19244421721376e-10 0.807107942866514
"74" 4.06583405087855e-07 0.219853527609236 6.2558536161925e-09 0.780146059551505
"75" 2.66434683513842e-06 0.249437281376881 5.35515568319794e-08 0.750560000724727
"76" 2.18287080174321e-06 0.246573141167179 4.50472312033463e-08 0.753424630914788
"77" 1.14869875621114e-05 0.279243075731728 3.15299167781614e-07 0.720745121981543
"78" 0.0170890104686426 0.544589314899543 0.200846736459818 0.237474938171997
"79" 0.0165809004863585 0.478161739623091 0.292395082426177 0.212862277464373
"80" 0.0161809443759433 0.441556762952071 0.340570672202874 0.201691620469112
"81" 0.00581074988037028 0.293750319894745 0.49163123736842 0.208807692856465
"82" 0.00475265174389397 0.308791019956971 0.462944710653202 0.223511617645933
"83" 0 0 0 1
"84" 0 0 0 1
"85" 0 0 0 1
"86" 0 0 0 1
"87" 0 0 0 1
"88" 0 1.68850850305727e-226 0 1
"89" 0 5.99322868869485e-195 0 1
"90" 0 1.48522778616809e-213 0 1
"91" 1.00497720660115e-310 1.58857022357856e-183 0 1
"92" 3.12912111050788e-278 4.20988373304074e-155 0 1
"93" 1.12801983968857e-259 2.50260386897888e-143 0 1
"94" 6.49869975311339e-274 1.02802592163685e-160 0 1
"95" 4.23280357633895e-289 4.28965735988313e-179 0 1
"96" 3.91213663873751e-289 1.78861239988105e-182 0 1
"97" 1.6376543598613e-305 1.37786503003973e-201 0 1
"98" 1.35284490597238e-305 1.35553851334927e-203 0 1
"99" 1.91068764907236e-247 2.86704555739892e-145 0 1
"100" 1.6018924287716e-209 6.2186172850869e-107 2.0020325196147e-306 1
"101" 1.0547021656378e-186 1.70804248939229e-84 0 1
"102" 3.0481141927164e-187 4.62007058752832e-87 0 1
"103" 8.6972652351639e-177 9.06060732759948e-78 7.8922564517531e-246 1
"104" 3.10991497942012e-177 1.67777690425965e-79 5.47691719924233e-248 1
"105" 3.46403684015963e-157 2.04521116754225e-60 1.09962308387383e-209 1
"106" 1.89837967551875e-138 6.56296630465443e-42 3.23453968956176e-173 1
"107" 4.18389861409367e-130 5.71038524795085e-35 6.25928863854998e-159 1
"108" 9.49156962228545e-114 6.18093728909948e-21 1.45066569068928e-130 1
"109" 9.22667070162584e-99 7.4625428016305e-11 1.57365030833567e-107 0.999999999925375
"110" 2.59959500874332e-99 7.25631205956075e-12 7.5929981460532e-109 0.999999999992744
"111" 5.18281859766538e-108 1.84128967333725e-19 1.30341959147281e-123 1
"112" 2.13129071219641e-144 3.01158433621564e-57 3.59239067502331e-194 1
"113" 7.8860795502536e-127 9.50706547642005e-40 4.62333819892896e-160 1
"114" 7.54203403968681e-128 9.71476409080844e-42 6.25150898292678e-163 1
"115" 4.65252590142744e-120 1.67112409510224e-34 1.5274681817498e-148 1
"116" 7.45977293847823e-97 2.04533864555123e-14 2.63690613828459e-108 0.99999999999998
"117" 1.04838435912426e-82 3.84426463997017e-06 5.10858025657232e-88 0.99999615573536
"118" 2.35177396342341e-64 0.0336055700380822 9.25674557765535e-68 0.966394429961918
"119" 7.26979231774312e-54 0.0447188548468301 3.13793800696124e-57 0.95528114515317
"120" 5.30423522353688e-49 0.0473189767682803 2.36362626799507e-52 0.95268102323172
"121" 3.30249641968457e-40 0.0530750746602913 1.6113946289509e-43 0.946924925339709
"122" 2.25609911881678e-32 0.060564583242199 1.21906990872581e-35 0.939435416757801
"123" 2.97435787933625e-36 0.0564736587791774 1.54033577022396e-39 0.943526341220823
"124" 9.26310998545907e-33 0.0601105952156557 5.26516314198952e-36 0.939889404784344
"125" 2.59510468254087e-29 0.0645164263389883 1.58877018857971e-32 0.935483573661012
"126" 1.49499507184977e-29 0.0641798586852733 9.460242670192e-33 0.935820141314727
"127" 1.78147995249779e-26 0.0689904500734603 1.24793104176325e-29 0.93100954992654
"128" 1.39707311714385e-23 0.074656909772314 1.08510544371468e-26 0.925343090227686
"129" 7.9060118194528e-21 0.08151513461008 6.78206468588344e-24 0.91848486538992
"130" 4.8851639250995e-16 0.0992812076684112 5.31220929155104e-19 0.900718792331588
"131" 5.19931325559026e-14 0.110694814873353 6.53160881727717e-17 0.889305185126595
"132" 2.86659989770789e-12 0.123817386378662 4.28054607927991e-15 0.876182613618467
"133" 1.20250996151648e-10 0.140181226127185 2.13380032906594e-13 0.859818773752351
"134" 9.22323600283297e-11 0.139002853419508 1.67522412513881e-13 0.860997146488092
"135" 2.32634338023806e-09 0.157843221029145 5.13554602140742e-12 0.842156776639376
"136" 1.56818161964172e-09 0.155570807323562 3.59392423537515e-12 0.844429191104663
"137" 3.39724452980758e-08 0.17905199063232 9.38197296977511e-11 0.820947975301415
"138" 5.55383662267367e-06 0.242114769068482 2.27461555015268e-08 0.75787965434874
"139" 5.28866107012797e-06 0.241411379753699 2.17911766296973e-08 0.758583309794054
"140" 3.69668246806209e-06 0.236398359668426 1.59202770612144e-08 0.763597927728829
"141" 2.97445795921463e-06 0.233466657860326 1.31584385219947e-08 0.766530354523276
"142" 2.06205720003219e-05 0.269132200970807 1.14832374089845e-07 0.730847063624818
"143" 0.000119316434963674 0.311578561842689 8.28349947162612e-07 0.6883012933724
"144" 0.00198333697100016 0.409714630932501 2.11524027346632e-05 0.588280879693764
"145" 0.00166288040240665 0.403766642798108 1.8474296147222e-05 0.594552002503338
"146" 0.00463383270200162 0.45093577847342 6.52745898155275e-05 0.544365114234763
"147" 0.00392724522021666 0.444885055660202 5.79397930678746e-05 0.551129759326513
"148" 0.00294815806638747 0.434513711610664 4.70049357173409e-05 0.562491125387232
"149" 0.000577561353663042 0.370443510864012 8.0724276372253e-06 0.628970855354687
"150" 1.05608902813422e-05 0.264527225543708 1.05827965364933e-07 0.735462107738045
"151" 3.78198047137132e-07 0.214063472510762 3.54993102867793e-09 0.78593614574126
"152" 1.10085279613946e-08 0.178039467544319 9.36803433338542e-11 0.821960521353472
"153" 6.95930261474992e-09 0.174720350539109 6.22254682783017e-11 0.825279642439363
"154" 6.73267585808878e-08 0.196907610628885 7.74561113466753e-10 0.803092321269795
"155" 5.38565027523267e-08 0.194898024231025 6.35527007071606e-10 0.805101921276945
"156" 4.51892051655238e-07 0.221060626804297 6.86391920937361e-09 0.778938914439733
"157" 2.93883809228907e-06 0.250870796161422 5.8300167520277e-08 0.749126206700318
"158" 1.65383843942322e-05 0.285936243996678 4.30110876271135e-07 0.714046787508052
"159" 1.26021988217691e-05 0.280916033853509 3.41246311982679e-07 0.719071022701357
"160" 5.31285214470682e-05 0.31706107556551 1.9547459477548e-06 0.682883841167095
"161" 0.00210158617142651 0.464246803555173 0.000368933382440612 0.533282676890959
"162" 0.00383192343612927 0.49940615936307 0.00101563760914663 0.495746279591654
"163" 0.00661108502122554 0.533972416552419 0.00256411090375846 0.456852387522597
"164" 0.0155491115358656 0.609732451323065 0.0259219938987308 0.348796443242339
"165" 0.0176879458942315 0.543526565679731 0.204323902799337 0.2344615856267
"166" 0.00641927407888179 0.296180462667387 0.491322917712221 0.20607734554151
"167" 0.00618229448867571 0.285518769439134 0.506283558264583 0.202015377807607
"168" 0.00577617536804562 0.281468672064246 0.510516287430868 0.20223886513684
"169" 0.00525219280959595 0.294649585968352 0.487480252318614 0.212617968903438
"170" 0.00473772083810034 0.298749180191613 0.478996615336857 0.217516483633429
"171" 0 0 0 1
"172" 0 0 0 1
"173" 0 0 0 1
"174" 0 0 0 1
"175" 0 3.37701700611454e-226 0 1
"176" 0 1.2166986024289e-209 0 1
"177" 0 1.54111594852153e-194 0 1
"178" 4.94065645841247e-324 4.68220991304285e-197 0 1
"179" 4.07096698126823e-293 2.11978793095119e-167 0 1
"180" 6.89133742152081e-260 1.4945470222218e-140 0 1
"181" 5.02812539229567e-246 7.33724252951479e-129 0 1
"182" 5.52870320912866e-246 1.839197548666e-131 0 1
"183" 9.8955794495202e-260 3.24205121576396e-149 0 1
"184" 1.35590438252783e-308 1.56770421195631e-198 0 1
"185" 1.6376543598613e-305 1.37786503003973e-201 0 1
"186" 1.42404726944461e-305 2.23265166904586e-203 0 1
"187" 2.07808118488264e-221 9.53916203425258e-118 0 1
"188" 1.27521918850558e-197 5.25298717235073e-94 4.60848549070784e-282 1
"189" 1.31210978959365e-175 5.052668138675e-72 5.95418729348003e-239 1
"190" 4.0896822094769e-176 9.02371661900431e-75 3.46121324421451e-242 1
"191" 1.39767068076431e-176 6.57752767398268e-77 9.01716791300006e-245 1
"192" 5.2710896939467e-177 1.23805760705028e-78 6.68520818508127e-247 1
"193" 5.26951152077326e-167 9.3504308207186e-70 0 1
"194" 1.36555014031129e-147 7.77262597560791e-51 0 1
"195" 9.55189880587329e-139 5.8271496469571e-43 1.01079365298805e-174 1
"196" 7.75370151215107e-122 9.86882874991946e-28 2.24733827434303e-144 1
"197" 2.96378611872372e-114 3.10483338940469e-22 3.73260244578908e-132 1
"198" 2.22460926398081e-123 5.88776162758235e-32 1.37472136357482e-149 1
"199" 9.85551740372968e-153 1.5780056891057e-64 1.8957433609885e-209 1
"200" 3.60513742891952e-144 8.61428729378659e-57 0 1
"201" 5.51062481101013e-145 2.15045761906648e-58 0 1
"202" 1.28980012850654e-127 2.70662402898449e-41 2.77844843685635e-162 1
"203" 4.75409976399923e-111 3.69690820324488e-25 2.14352915980073e-131 1
"204" 3.57869261377393e-82 1.08160911614233e-05 3.25163818843382e-87 0.999989183908839
"205" 9.5538917582181e-70 0.0159155497974237 3.06794408711182e-73 0.984084450202576
"206" 1.79870125441118e-58 0.0421545740883929 7.11373887902206e-62 0.957845425911607
"207" 1.31480137132246e-58 0.0419944588838776 5.27422988269155e-62 0.958005541116122
"208" 4.92570693237377e-44 0.0503437387730528 2.17600693732162e-47 0.949656261226947
"209" 2.93313534614608e-44 0.0501851595915065 1.33038443583718e-47 0.949814840408494
"210" 5.32290149843646e-36 0.0567215892282742 2.6703511900241e-39 0.943278410771726
"211" 1.62900637717002e-32 0.0603973744278893 8.96550500269422e-36 0.939602625572111
"212" 2.6384873229033e-36 0.0564229886585037 1.37544639368776e-39 0.943577011341496
"213" 1.0393130376842e-32 0.0601687592912854 5.86854244233192e-36 0.939831240708715
"214" 1.86998373154743e-29 0.0643158473665315 1.16748668915921e-32 0.935684152633468
"215" 2.20629697874143e-26 0.0691491511944782 1.52488233150841e-29 0.930850848805522
"216" 1.70942759569764e-23 0.074842650597219 1.31026612192299e-26 0.925157349402781
"217" 8.68047043022159e-21 0.0816239045612544 7.39912400658046e-24 0.918376095438746
"218" 4.8851639250995e-16 0.0992812076684112 5.31220929155104e-19 0.900718792331588
"219" 4.60072115464008e-12 0.125429965097118 6.60940194781109e-15 0.874570034898274
"220" 1.6496606918719e-10 0.141619779359396 2.84790998703431e-13 0.858380220475353
"221" 5.03880573742858e-09 0.162546409510443 1.03504523354894e-11 0.8374535854404
"222" 1.05460910980499e-10 0.139595047078677 1.89301563386054e-13 0.860404952815673
"223" 6.99462067159749e-11 0.137800789627232 1.30196348892308e-13 0.862199210302692
"224" 1.6776155476792e-09 0.155953769277509 3.82009049349839e-12 0.844046229041055
"225" 3.61132279281382e-08 0.179525155200066 9.91104401815976e-11 0.820474808587596
"226" 5.55383662267367e-06 0.242114769068482 2.27461555015268e-08 0.75787965434874
"227" 4.55158271716883e-06 0.239281808327419 1.91047744395837e-08 0.760713620985089
"228" 3.69668246806209e-06 0.236398359668426 1.59202770612144e-08 0.763597927728829
"229" 2.81291812065465e-06 0.232726466083174 1.25298722797152e-08 0.767270708468833
"230" 1.95917641613899e-05 0.268240622574812 1.09880732421331e-07 0.731739675780294
"231" 0.000595358494591064 0.361731628131443 5.04736197377217e-06 0.637667966011992
"232" 0.00212192399871309 0.412023739929399 2.22743481520652e-05 0.585832061723736
"233" 0.00172401672955412 0.404976179539654 1.89950331445838e-05 0.593280808697647
"234" 0.00448665642475271 0.449752237734196 6.37796716295541e-05 0.545697326169422
"235" 0.00392724522021666 0.444885055660202 5.79397930678746e-05 0.551129759326513
"236" 0.000876409980246968 0.38309671124126 1.12237910618598e-05 0.616015654987431
"237" 0.000119279365494731 0.319803269496891 1.3532092947363e-06 0.68007609792832
"238" 9.13165631008174e-06 0.262146484343001 9.34130097495275e-08 0.737844290587679
"239" 2.89931464687932e-08 0.185521406404942 2.21778060869187e-10 0.814478564380133
"240" 1.2311592560668e-08 0.178870155492185 1.03502240831964e-10 0.821129832092721
"241" 7.8178791391232e-09 0.175549491795394 6.90348529849009e-11 0.824450500317692
"242" 7.51509931548505e-08 0.197913593343616 8.53764787991366e-10 0.802086330651626
"243" 7.54079487198482e-07 0.227109677616509 1.07503077880284e-08 0.772889557553696
"244" 5.56393667795574e-07 0.22347778481475 8.23783591071339e-09 0.776521650553746
"245" 3.56431968767106e-06 0.25374014971862 6.88940038974867e-08 0.746256217067689
"246" 2.41292138852738e-06 0.248004692252866 4.91405343000526e-08 0.751992845685211
"247" 1.26021988217691e-05 0.280916033853509 3.41246311982679e-07 0.719071022701357
"248" 5.31285214470682e-05 0.31706107556551 1.9547459477548e-06 0.682883841167095
"249" 0.000199247371747775 0.357928242759856 1.00806868726763e-05 0.641862429181523
"250" 0.00406663674862871 0.501892872754323 0.00106069636659874 0.49297979413045
"251" 0.00698462374391523 0.53630364259941 0.00266644428946891 0.454045289367206
"252" 0.0163001153020099 0.6111541504134 0.0267531187582597 0.345792615526331
"253" 0.00780052016100817 0.311936407793032 0.476390314797637 0.203872757248322
"254" 0.00729761207166382 0.298585694384734 0.492967858920143 0.201148834623459
"255" 0.0066180100334757 0.29232460413674 0.498324993495162 0.202732392334621
"256" 0.00656677547824999 0.277658724162521 0.520332345760004 0.195442154599225
"257" 0.00614032802328618 0.273187334037068 0.525073640342414 0.195598697597232
"258" 0.0054240180231528 0.290152028043496 0.495322219479574 0.209101734453778
"259" 0.00506305838804604 0.289123808238372 0.495483297663436 0.210329835710146
"260" 0 0 0 1
"261" 0 0 0 1
"262" 0 0 0 1
"263" 0 0 0 1
"264" 0 6.08349301214451e-210 0 1
"265" 0 5.47952337252101e-194 0 1
"266" 0 1.71235105391281e-195 0 1
"267" 4.94065645841247e-324 1.17055247826071e-197 0 1
"268" 2.28107695390787e-280 3.85969132839611e-153 0 1
"269" 3.97780586590502e-246 6.96080028606503e-127 0 1
"270" 6.28330445618202e-233 2.8502276493291e-115 0 1
"271" 6.83762695161244e-233 1.81527746008562e-118 0 1
"272" 9.32394777400235e-260 1.25252390903484e-149 0 1
"273" 5.73651854146388e-309 2.61284035326052e-198 0 1
"274" 1.56645199638907e-305 2.24540967858326e-201 0 1
"275" 6.09267181442728e-290 6.37413227641228e-188 0 1
"276" 5.55861351251271e-209 9.53817067840546e-104 0 1
"277" 3.09372498714637e-175 1.62955353204899e-69 0 1
"278" 4.12129210937639e-165 7.81480477692159e-61 0 1
"279" 1.85879421721633e-165 6.29569587416171e-63 0 1
"280" 2.71273533335256e-176 1.26758544693568e-75 3.27929598629054e-243 1
"281" 2.42407272389115e-166 3.59324535018333e-67 0 1
"282" 6.90919996014249e-167 2.53348208787186e-69 0 1
"283" 1.78397364617546e-147 2.07734418680674e-50 0 1
"284" 1.2633237227261e-138 1.5383772536212e-42 4.04317461195219e-174 1
"285" 2.16488752216021e-169 4.92669195368363e-77 5.69921929643291e-238 1
"286" 5.08447615327615e-150 3.1449149453737e-58 1.33002940264916e-200 1
"287" 2.77792696902533e-161 1.01391857400017e-71 0 1
"288" 1.77843183943806e-142 3.51551176486398e-53 0 1
"289" 6.04877761538117e-134 3.62878642038846e-45 2.5876317516494e-172 1
"290" 4.30044371595563e-135 1.29396536376189e-47 1.26349206623506e-175 1
"291" 5.55634661384542e-118 1.55424893680395e-30 5.7820159788888e-143 1
"292" 7.44622338471641e-95 1.07349282778863e-11 3.23058199184913e-104 0.999999999989265
"293" 6.17385689910857e-69 0.0231092892492879 1.99187659512199e-72 0.976890710750712
"294" 3.78037847397528e-69 0.0211953272487628 1.22283161426974e-72 0.978804672751237
"295" 3.30927631008939e-58 0.0424410051173922 1.27329822739479e-61 0.957558994882608
"296" 2.09930626405266e-58 0.0422301898367906 8.24482879678507e-62 0.957769810163209
"297" 1.86851811415081e-48 0.047657800574626 7.82305252236818e-52 0.952342199425374
"298" 9.90938191033685e-40 0.0534697118795392 4.56375458762398e-43 0.946530288120461
"299" 4.81443308724197e-40 0.0532095576791908 2.3026304623103e-43 0.946790442320809
"300" 1.05931489724983e-28 0.0653980158787486 5.9751628207016e-32 0.934601984121251
"301" 3.76681547071545e-36 0.0565739153821031 1.92561699131608e-39 0.943426084617897
"302" 5.3746765182757e-29 0.0649684723046819 3.15230033331776e-32 0.935031527695318
"303" 2.88852680861701e-29 0.0645823756610748 1.75718225845462e-32 0.935417624338925
"304" 3.3426997655232e-26 0.0694603868556962 2.25121088737353e-29 0.930539613144304
"305" 2.78318252041798e-23 0.0752967295257486 2.06679971550437e-26 0.924703270474251
"306" 3.40511718328889e-18 0.0900462900879952 3.20240141996649e-21 0.909953709912005
"307" 6.17834938787884e-16 0.0997403301619133 6.60296003607891e-19 0.900259669838086
"308" 2.79613905786208e-10 0.144108844854317 4.61523687909112e-13 0.855891154865608
"309" 2.35871028168717e-10 0.143293819206708 3.9493767581859e-13 0.856706180557026
"310" 1.30356461210774e-07 0.190221231794388 3.14652023646257e-10 0.809778637534499
"311" 3.79118530742008e-09 0.160774587876368 7.99480042075901e-12 0.839225408324452
"312" 2.47848177347945e-09 0.158215926743391 5.43878438406836e-12 0.841784070772688
"313" 1.91592333762603e-09 0.15671467050893 4.3079891252869e-12 0.843285327570839
"314" 3.61132279281382e-08 0.179525155200066 9.91104401815976e-11 0.820474808587596
"315" 5.05587180594104e-07 0.207455629868181 1.69883940479668e-09 0.792543862845799
"316" 4.32461546760316e-06 0.238565594178536 1.82671245285797e-08 0.761430062938871
"317" 3.31990256538438e-06 0.234938396051975 1.44887248171211e-08 0.765058269556734
"318" 2.65853298703269e-06 0.231983442892616 1.19249397525532e-08 0.768013886649458
"319" 1.95917641613899e-05 0.268240622574812 1.09880732421331e-07 0.731739675780294
"320" 0.00013049069816267 0.313630045891492 8.92989958279413e-07 0.686238570420387
"321" 0.00205188413612609 0.41087420885899 2.17098584286485e-05 0.587052197146455
"322" 0.00178662489284024 0.406175772235444 1.95233064573285e-05 0.592018079565258
"323" 0.00137899568612783 0.397570982165451 1.59865534665201e-05 0.601034035594954
"324" 0.00379471186559796 0.44363499800588 5.65166103255826e-05 0.552513773518197
"325" 0.000876409980246968 0.38309671124126 1.12237910618598e-05 0.616015654987431
"326" 0.00011263257628239 0.318468145387271 1.29033539392779e-06 0.681417931701053
"327" 8.41508321282544e-07 0.223130098407268 7.15631908105199e-09 0.776869052928091
"328" 2.89931464687932e-08 0.185521406404942 2.21778060869187e-10 0.814478564380133
"329" 1.37538903184706e-08 0.179701113566838 1.14238440159949e-10 0.820298872565033
"330" 8.77245180336931e-09 0.176379089188663 7.65089449702032e-11 0.823620901962376
"331" 1.1539253135299e-07 0.201944021491439 1.24754061856928e-09 0.79805586186849
"332" 9.18691734338306e-07 0.22953406528485 1.27755074411768e-08 0.770465003247908
"333" 5.67170615344077e-06 0.260921738322929 1.02848214500709e-07 0.739072487122703
"334" 3.91924339966228e-06 0.255175760340238 7.47833819995869e-08 0.74482024563298
"335" 2.66434683513842e-06 0.249437281376881 5.35515568319794e-08 0.750560000724727
"336" 1.38113972974637e-05 0.282589319082445 3.68968454066211e-07 0.717396500551803
"337" 6.82287649960525e-05 0.322795558337034 2.40702091739114e-06 0.677133805877052
"338" 0.000924090168384917 0.414288627714305 6.03155235316006e-05 0.584726966593778
"339" 0.000662310122344531 0.403031876924458 4.66582786460077e-05 0.596259154674552
"340" 0.00511720119364831 0.511537900466049 0.00125184333007607 0.482093055010226
"341" 0.00737363457319062 0.538595808429737 0.00277076123117845 0.451259795765894
"342" 0.0167135882772606 0.5941791747636 0.01244754516503 0.37665969179411
"343" 0.022610337034633 0.61286023733232 0.0228002716337381 0.341729153999308
"344" 0.00995932258464511 0.338487961903227 0.451673647372864 0.199879068139264
"345" 0.00935908255046292 0.316904725929622 0.478713665569361 0.195022525950554
"346" 0.00882957953353411 0.322778786252574 0.467144511420331 0.201247122793561
"347" 0.0082750257362134 0.305420121273066 0.488834860511363 0.197469992479358
"348" 0.0077407541467708 0.291680612104526 0.505831327889389 0.194747305859315
"349" 0.0074491203851423 0.277743274561983 0.524920897010119 0.189886708042756
"350" 0.00696506471888658 0.270156746730125 0.533794412616269 0.189083775934719
"351" 0.00651731776733874 0.265291909515055 0.539013873292716 0.18917689942489
"352" 0.0054240180231528 0.290152028043496 0.495322219479574 0.209101734453778
"353" 0.00539880082935317 0.27995505676606 0.511272316722596 0.203373825681991
"354" 0 0 0 1
"355" 0 0 0 1
"356" 0 0 0 1
"357" 0 2.11063562882159e-227 0 1
"358" 0 1.05531781441079e-227 0 1
"359" 0 2.22605637008666e-194 0 1
"360" 2.46151511751972e-312 4.81983973020577e-180 0 1
"361" 1.66361631446057e-293 1.27187275857072e-166 0 1
"362" 3.93894646833299e-279 1.00221453575503e-153 0 1
"363" 4.33089200456401e-246 1.78528297492341e-127 0 1
"364" 5.24712818716011e-246 1.85614766371654e-129 0 1
"365" 5.43037542367933e-246 2.86721101991318e-132 0 1
"366" 9.01907754705949e-260 7.77099437465212e-150 0 1
"367" 3.7518031699368e-289 1.08258118940169e-182 0 1
"368" 1.55523464736696e-289 1.0227340125759e-185 0 1
"369" 8.33734037763733e-290 2.9446695586806e-187 0 1
"370" 3.12089491226287e-197 1.76798825858596e-91 0 1
"371" 9.435863355657e-165 3.88238821434814e-58 0 1
"372" 4.75179239187788e-165 2.03984735871187e-60 3.13417126880117e-217 1
"373" 2.39599070906955e-165 2.68575457117745e-62 0 1
"374" 2.71273533335256e-176 1.26758544693568e-75 3.27929598629054e-243 1
"375" 3.05575115512917e-166 9.62442100337242e-67 0 1
"376" 8.99854763807522e-167 6.85085999592062e-69 0 1
"377" 3.46403684015963e-157 2.04521116754225e-60 1.09962308387383e-209 1
"378" 3.36741862318356e-168 1.08142844817628e-73 1.68099425757179e-233 1
"379" 6.51916688818306e-149 3.74381071908357e-55 0 1
"380" 1.11662044017284e-159 7.02687445195335e-68 0 1
"381" 7.03338115895898e-132 3.6077331597311e-40 1.62799713097052e-165 1
"382" 1.23287348245983e-132 4.19142003917786e-42 4.23957586190238e-168 1
"383" 8.00538961382244e-125 1.9050345009457e-35 3.91562888388011e-154 1
"384" 5.14626212830465e-117 1.50639626166435e-28 2.81688286492834e-140 1
"385" 2.68808370616968e-101 2.57731968946881e-15 1.61638640606396e-113 0.999999999999997
"386" 1.92289718625805e-80 0.000260009775843675 9.8915316298307e-85 0.999739990224156
"387" 2.13903063154101e-68 0.027756776465606 6.79055618157043e-72 0.972243223534394
"388" 4.97762629888576e-63 0.0386820996001676 1.74869061955526e-66 0.961317900399832
"389" 1.10433350973411e-52 0.0454611972478857 4.19034810780432e-56 0.954538802752114
"390" 6.48264525791753e-53 0.0453228362018036 2.52131015719046e-56 0.954677163798196
"391" 3.2339783339392e-53 0.0451380467707947 1.29959000175956e-56 0.954861953229205
"392" 6.33616547870253e-44 0.0504212019508972 2.76379005986133e-47 0.949578798049103
"393" 6.15300229621561e-40 0.0532975803544052 2.90507402035867e-43 0.946702419645595
"394" 6.66546797504708e-36 0.0568182298567094 3.30350667534026e-39 0.943181770143291
"395" 5.32290149843646e-36 0.0567215892282742 2.6703511900241e-39 0.943278410771726
"396" 6.55697896784785e-29 0.0650935018993396 3.80159738972079e-32 0.93490649810066
"397" 4.85868804877886e-29 0.0649052683045282 2.8665011789645e-32 0.935094731695472
"398" 4.51686399869262e-26 0.0696883866115025 2.98593814834178e-29 0.930311613388497
"399" 1.93227286545514e-20 0.0825722001336085 1.56075086605165e-23 0.917427799866391
"400" 5.11795755706683e-18 0.0906681490276993 4.67816013498173e-21 0.909331850972301
"401" 9.79039632353447e-14 0.112343166031195 1.17161161562882e-16 0.887656833968706
"402" 3.2961588563157e-10 0.144908869415822 5.36662256425839e-13 0.855091130254025
"403" 8.50689834033388e-09 0.165943002428143 1.66689611573168e-11 0.834056989048289
"404" 6.25723694115257e-09 0.163929043402468 1.26023309874739e-11 0.836070950327693
"405" 4.01816590261454e-09 0.161132748552714 8.42787054409127e-12 0.838867247420692
"406" 3.17217660545855e-09 0.15968894430838 6.80153174407026e-12 0.840311052512642
"407" 4.85507165912385e-08 0.181859865424152 1.29287196461725e-10 0.818140085895845
"408" 6.61417757136826e-07 0.210334396418188 2.15713385843326e-09 0.789664940006921
"409" 5.05587180594104e-07 0.207455629868181 1.69883940479668e-09 0.792543862845799
"410" 4.03431751036709e-07 0.205106832377224 1.3901278511249e-09 0.794892762800897
"411" 3.69668246806209e-06 0.236398359668426 1.59202770612144e-08 0.763597927728829
"412" 2.81291812065465e-06 0.232726466083174 1.25298722797152e-08 0.767270708468833
"413" 2.06205720003219e-05 0.269132200970807 1.14832374089845e-07 0.730847063624818
"414" 0.00013049069816267 0.313630045891492 8.92989958279413e-07 0.686238570420387
"415" 0.000550649611672686 0.359478106744825 4.73867714244436e-06 0.639966504966359
"416" 0.000449298774276725 0.353718117427284 4.01859891930095e-06 0.64582856519952
"417" 0.000346323979315935 0.34657558723548 3.25167124220188e-06 0.653074837113962
"418" 0.00108485218154677 0.389816531989953 1.32651589139954e-05 0.609085350669586
"419" 0.000175092042832591 0.329007750886707 1.85876367206663e-06 0.670815298306788
"420" 1.49895317734077e-05 0.270440598908259 1.42838454521053e-07 0.729544268721513
"421" 7.03299567623436e-08 0.192994244835262 4.86738544769623e-10 0.807005684348043
"422" 3.21193977764524e-08 0.18635281558785 2.4289654526273e-10 0.813647152049856
"423" 1.53485546809381e-08 0.180532294710018 1.25962217924387e-10 0.819467689815465
"424" 1.92591504829531e-07 0.206991995764844 1.96044753454213e-09 0.793007809683204
"425" 1.62150818786668e-06 0.236814735497887 2.09650524693298e-08 0.763183622028873
"426" 1.11467390316832e-06 0.231960162034821 1.51246820676652e-08 0.768038708166593
"427" 7.54079487198482e-07 0.227109677616509 1.07503077880284e-08 0.772889557553696
"428" 3.91924339966228e-06 0.255175760340238 7.47833819995869e-08 0.74482024563298
"429" 2.93883809228907e-06 0.250870796161422 5.8300167520277e-08 0.749126206700318
"430" 1.51211534513067e-05 0.284262774912842 3.98558169127912e-07 0.715721705375538
"431" 7.40192320409856e-05 0.32470341393872 2.57523878306495e-06 0.675219991590456
"432" 0.000985306983246128 0.416505803425454 6.33433711310977e-05 0.582445546220169
"433" 0.000810849444929231 0.40981900109587 5.45596592522303e-05 0.589315589799948
"434" 0.00511720119364831 0.511537900466049 0.00125184333007607 0.482093055010226
"435" 0.00819939104388557 0.543061054843817 0.00298514640179885 0.445754407710499
"436" 0.00625268119034311 0.531602633575891 0.00246380718475245 0.459680878049013
"437" 0.0191250881576268 0.598682949016874 0.0135990211870245 0.368592941638475
"438" 0.0152280526483344 0.590898548549585 0.0116976992856315 0.382175699516449
"439" 0.00963168768415457 0.314055224658404 0.484328609718619 0.191984477938823
"440" 0.00902131089643306 0.296150699391115 0.50658137704601 0.188246612666442
"441" 0.00892409515982051 0.275704964801311 0.535733439514728 0.179637500524141
"442" 0.0083439309873569 0.264440738526574 0.549345474254799 0.17786985623127
"443" 0.00780690860690017 0.25617310495241 0.55902641199869 0.176993574442
"444" 0.00737810469478273 0.262999353015909 0.546686752190055 0.182935790099253
"445" 0.00726243199390333 0.24027220202658 0.580564358736548 0.171901007242969
"446" 0.00595670125639149 0.277278764758411 0.51787332496718 0.198891209018017
"447" 0.00574571022046938 0.271222214897899 0.52638773158243 0.196644343299201
"448" 0 0 0 1
"449" 0 0 0 1
"450" 0 0 0 1
"451" 0 0 0 1
"452" 0 1.90109156629516e-211 0 1
"453" 1.5702768853143e-312 1.15676153524938e-179 0 1
"454" 2.69114403809799e-294 4.40915889637848e-165 0 1
"455" 1.89908745533154e-260 1.26799911530329e-137 0 1
"456" 6.16727063253153e-260 3.69023956104149e-140 0 1
"457" 5.73586184987928e-233 2.77627043797607e-114 0 1
"458" 3.26292662798841e-208 2.79414429939498e-90 1.90651646216536e-288 1
"459" 2.51080212545762e-185 1.79143263901961e-68 1.13326653278352e-244 1
"460" 2.15253765583346e-220 8.90262892329829e-109 0 1
"461" 2.84318114198711e-274 1.40435950425516e-167 0 1
"462" 1.13275947085518e-274 2.2835850208306e-170 0 1
"463" 4.51298593966207e-275 1.51113651121713e-172 0 1
"464" 4.80426631991793e-209 3.61134605870451e-104 0 1
"465" 8.92451419984465e-165 2.41393436580111e-58 6.7124482875367e-215 1
"466" 1.92277384373126e-175 5.64828913881647e-71 9.63270991389663e-238 1
"467" 7.90607950625113e-176 2.74954016372819e-73 1.98778275272924e-240 1
"468" 1.6856513252595e-155 5.48986044080376e-53 0 1
"469" 4.27380764234495e-166 4.20435483527928e-66 0 1
"470" 2.26610072689304e-188 2.04515286213645e-91 0 1
"471" 4.6215390975558e-178 2.38594823874722e-82 1.26870354708318e-251 1
"472" 9.0336280645481e-148 1.77232956688963e-51 0 1
"473" 5.54515958496291e-130 1.44194601004269e-34 1.93468921555181e-158 1
"474" 1.27038842199121e-130 1.33454846396617e-36 6.22372449855822e-161 1
"475" 2.92306277008388e-131 1.78579945374982e-38 3.12575449146339e-163 1
"476" 2.22460926398081e-123 5.88776162758235e-32 1.37472136357482e-149 1
"477" 1.47343949073253e-115 2.35654118656319e-25 4.34982477964969e-136 1
"478" 5.18281859766538e-108 1.84128967333725e-19 1.30341959147281e-123 1
"479" 2.44328807160364e-93 1.41344332999986e-09 3.93401732111142e-101 0.999999998586557
"480" 8.42069074923922e-74 0.0105600537305511 2.01519097204258e-77 0.989439946269449
"481" 5.88198481399804e-68 0.0311050970981936 1.82841642781567e-71 0.968894902901806
"482" 1.0193891232606e-62 0.0394426401485412 3.48166099863476e-66 0.960557359851459
"483" 4.97762629888576e-63 0.0386820996001676 1.74869061955526e-66 0.961317900399832
"484" 5.95352832946512e-58 0.0426894201955467 2.23122629594117e-61 0.957310579804453
"485" 4.92804277798611e-53 0.0452506034889466 1.94142591639377e-56 0.954749396511053
"486" 9.16038450258271e-44 0.0505351307788022 3.92271786874395e-47 0.949464869221198
"487" 1.27475225632729e-35 0.0570994648883125 6.10344376612904e-39 0.942900535111687
"488" 4.64842604143248e-32 0.0609405183826286 2.41301733301577e-35 0.939059481617371
"489" 7.44645441077118e-36 0.0568660073512633 3.66866926471267e-39 0.943133992648737
"490" 3.09479058143805e-32 0.0607281384836465 1.64297879587714e-35 0.939271861516353
"491" 5.93945272758434e-29 0.0650312169851183 3.46336392662347e-32 0.934968783014882
"492" 6.65535651336463e-26 0.0699851038320315 4.29665000209617e-29 0.930014896167969
"493" 1.93227286545514e-20 0.0825722001336085 1.56075086605165e-23 0.917427799866391
"494" 5.11795755706683e-18 0.0906681490276993 4.67816013498173e-21 0.909331850972301
"495" 1.11783952241445e-13 0.112697065591772 1.3244319959511e-16 0.887302934408116
"496" 5.9363744784265e-12 0.126322298795176 8.35533370695953e-15 0.87367770119888
"497" 4.90850204049619e-12 0.125655065009833 7.01478255255326e-15 0.874344934985252
"498" 1.75381280310623e-10 0.141902793757741 3.01178144730152e-13 0.858097206066577
"499" 4.50522108733783e-09 0.161843403277469 9.35006682945313e-12 0.838156592207959
"500" 8.38004830627098e-08 0.186365587783372 2.11238810012026e-10 0.813634328204907
"501" 6.78481713574213e-08 0.18459035453145 1.74673037682092e-10 0.815409577445705
"502" 7.71722377196702e-07 0.212029863961438 2.47435230144685e-09 0.787969361841832
"503" 6.41094315471415e-06 0.244205081830197 2.57964599992182e-08 0.755788481430188
"504" 5.28866107012797e-06 0.241411379753699 2.17911766296973e-08 0.758583309794054
"505" 4.32461546760316e-06 0.238565594178536 1.82671245285797e-08 0.761430062938871
"506" 3.1433773151722e-06 0.23420398033317 1.38112022121412e-08 0.765792862478312
"507" 2.65853298703269e-06 0.231983442892616 1.19249397525532e-08 0.768013886649458
"508" 0.00013049069816267 0.313630045891492 8.92989958279413e-07 0.686238570420387
"509" 0.000572700190003808 0.360608518354241 4.89154842913731e-06 0.638813889907326
"510" 0.00198333697100016 0.409714630932501 2.11524027346632e-05 0.588280879693764
"511" 0.00154499393808078 0.401317862472219 1.7455776399394e-05 0.5971196878133
"512" 0.00113046144048212 0.391132708921143 1.36982931539332e-05 0.607723131345221
"513" 2.86053870587579e-05 0.28206653797594 2.4783933850274e-07 0.717904608797662
"514" 1.61418743847051e-06 0.23112982019209 1.26399474869353e-08 0.768868552980524
"515" 6.39817509874726e-08 0.192165478836104 4.4761224692142e-10 0.807834456734533
"516" 3.21193977764524e-08 0.18635281558785 2.4289654526273e-10 0.813647152049856
"517" 3.78198047137132e-07 0.214063472510762 3.54993102867793e-09 0.78593614574126
"518" 3.27835222146513e-06 0.246513907094802 3.8621595364427e-08 0.753482775931382
"519" 2.32274757782086e-06 0.241667853327663 2.86499379667934e-08 0.758329795274821
"520" 1.22597698108663e-06 0.233173637330091 1.64336101295573e-08 0.766825120259318
"521" 7.54079487198482e-07 0.227109677616509 1.07503077880284e-08 0.772889557553696
"522" 4.30510882135506e-06 0.256611840379645 8.10986760779769e-08 0.743383773412857
"523" 2.93883809228907e-06 0.250870796161422 5.8300167520277e-08 0.749126206700318
"524" 1.65383843942322e-05 0.285936243996678 4.30110876271135e-07 0.714046787508052
"525" 7.40192320409856e-05 0.32470341393872 2.57523878306495e-06 0.675219991590456
"526" 0.000249953158191288 0.364292759167991 1.21018826722401e-05 0.635445185791146
"527" 0.000758602450955388 0.407567281593952 5.18294414547649e-05 0.591622286513638
"528" 0.000499597180482678 0.393843671515114 3.74334877978038e-05 0.605619297816606
"529" 0.00124789606738751 0.434475715050828 0.000137759660671939 0.564138629221113
"530" 0.00483721570339977 0.509172983601874 0.00120245034336116 0.484787350351365
"531" 0.00909092374185806 0.547364566649272 0.00320683936781985 0.44033767024105
"532" 0.00661108502122554 0.533972416552419 0.00256411090375846 0.456852387522597
"533" 0.0115144331637153 0.356665843881703 0.435042333233479 0.196777389721103
"534" 0.010552559904484 0.333202038111384 0.462442659469507 0.193802742514625
"535" 0.0101933698479645 0.308527037468261 0.495225190078958 0.186054402604817
"536" 0.00981244834340513 0.287462434878064 0.523257333457781 0.17946778332075
"537" 0.00917481091989292 0.272720467224286 0.541340272582192 0.17676444927363
"538" 0.00857858217658982 0.261303995838614 0.555126498890449 0.174990923094347
"539" 0.00811379969641514 0.26765157295493 0.543436305236306 0.180798322112349
"540" 0.00780690860690017 0.25617310495241 0.55902641199869 0.176993574442
"541" 0.00767882713227312 0.233442319676906 0.592644295624946 0.166234557565875
"542" 0.00706028353640844 0.243815947919419 0.574313822960285 0.174809945583887
"543" 0.00592360680024359 0.267013122471868 0.533700079094795 0.193363191633093
"544" 0 0 0 1
"545" 0 0 0 1
"546" 0 3.29786817003373e-229 0 1
"547" 0 8.24467042508433e-230 0 1
"548" 0 1.78227334340171e-212 0 1
"549" 2.1284502846775e-294 6.91898780662469e-165 0 1
"550" 1.90061053367116e-279 5.25067187476495e-151 0 1
"551" 2.47495505420776e-246 1.54652391847911e-124 0 1
"552" 1.73886658065245e-220 2.11966118754398e-99 2.41780167499553e-309 1
"553" 1.19640326750578e-196 2.70299846824842e-76 0 1
"554" 3.4371141427502e-208 2.84556034179276e-91 2.00982171231611e-289 1
"555" 1.58320162130159e-196 1.89306256187927e-81 0 1
"556" 2.09980215826597e-220 5.56492273279386e-109 0 1
"557" 3.56952224045594e-260 8.06433091561022e-154 0 1
"558" 8.75519272294442e-275 5.11057270950757e-171 0 1
"559" 6.28000910186977e-261 2.44681283143317e-158 0 1
